0.0	0.000148765248438
1.213990021e-05	0.00728949717346
1.213990021e-05	0.0074382624219
1.213990021e-05	0.00758702767034
1.213990021e-05	0.00788455816721
1.213990021e-05	0.00818208866409
1.213990021e-05	0.00833085391253
1.213990021e-05	0.00847961916096
1.213990021e-05	0.0105623326391
1.213990021e-05	0.0107110978875
1.8209850315e-05	0.0107110978875
1.8209850315e-05	0.010859863136
1.8209850315e-05	0.0178518298126
1.8209850315e-05	0.0182981255579
1.8209850315e-05	0.0190419518001
1.8209850315e-05	0.0217197262719
1.8209850315e-05	0.0252900922345
1.8209850315e-05	0.0258851532282
1.8209850315e-05	0.0294555191907
1.8209850315e-05	0.031240702172
1.8209850315e-05	0.0340672418923
1.8209850315e-05	0.0343647723892
1.8209850315e-05	0.0345135376376
1.8209850315e-05	0.0348110681345
3.64197006301e-05	0.043141922047
3.64197006301e-05	0.0434394525439
3.64197006301e-05	0.0452246355251
3.64197006301e-05	0.0453734007736
3.64197006301e-05	0.045522166022
3.64197006301e-05	0.0560844986611
3.64197006301e-05	0.0562332639096
6.67694511551e-05	0.0632252305861
6.67694511551e-05	0.136864028563
6.67694511551e-05	0.137012793811
6.67694511551e-05	0.137310324308
6.67694511551e-05	0.137905385302
6.67694511551e-05	0.138500446296
9.71192016802e-05	0.145492412972
9.71192016802e-05	0.145641178221
9.71192016802e-05	0.160368937816
9.71192016802e-05	0.160666468313
0.00019423840336	0.196072597441
0.000200308353465	0.271199047902
0.00020637830357	0.271496578399
0.00020637830357	0.32758107706
0.00020637830357	0.327729842309
0.00020637830357	0.328324903303
0.00020637830357	0.331300208271
0.00020637830357	0.342606367153
0.00020637830357	0.344094019637
0.000224588153885	0.41996429634
0.000224588153885	0.420708122583
0.000224588153885	0.421451948825
0.000224588153885	0.421749479322
0.00027921770483	0.454180303481
0.00027921770483	0.454477833978
0.00027921770483	0.454626599226
0.00027921770483	0.454775364475
0.00027921770483	0.460279678667
0.00027921770483	0.460428443916
0.00027921770483	0.460577209164
0.00027921770483	0.460725974412
0.00027921770483	0.463106218387
0.00027921770483	0.463403748884
0.00027921770483	0.463552514133
0.00027921770483	0.465337697114
0.00027921770483	0.465486462362
0.000352057106091	0.492264207081
0.000352057106091	0.492561737578
0.000352057106091	0.492710502827
0.000364197006301	0.492859268075
0.000364197006301	0.49330556382
0.000364197006301	0.493454329069
0.000364197006301	0.493603094317
0.000364197006301	0.49523951205
0.000370266956406	0.49523951205
0.000370266956406	0.495388277298
0.000370266956406	0.495537042547
0.000406686657036	0.523951204999
0.000406686657036	0.525438857483
0.000406686657036	0.525587622731
0.000430966457456	0.526331448974
0.000437036407561	0.526331448974
0.000515945758926	0.531240702172
0.000515945758926	0.53138946742
0.000515945758926	0.531538232669
0.000522015709031	0.531984528414
0.000522015709031	0.535108598631
0.000522015709031	0.53525736388
0.000522015709031	0.535406129128
0.000522015709031	0.535703659625
0.000522015709031	0.53614995537
0.000522015709031	0.536447485867
0.000522015709031	0.536596251116
0.000522015709031	0.540464147575
0.000558435409661	0.545819696519
0.000558435409661	0.545968461767
0.000558435409661	0.546117227016
0.000558435409661	0.546563522761
0.000558435409661	0.547158583755
0.000558435409661	0.547753644749
0.000558435409661	0.549092531985
0.000558435409661	0.549241297233
0.000558435409661	0.549390062481
0.000558435409661	0.54953882773
0.000558435409661	0.550282653972
0.000558435409661	0.55043141922
0.000564505359766	0.551175245463
0.000564505359766	0.551324010711
0.000570575309871	0.551324010711
0.000570575309871	0.55147277596
0.000570575309871	0.552067836953
0.000570575309871	0.552216602202
0.000570575309871	0.552514132699
0.000570575309871	0.552662897947
0.000570575309871	0.552811663195
0.000576645259976	0.552960428444
0.000576645259976	0.553109193692
0.000588785160186	0.553257958941
0.000588785160186	0.553555489438
0.000588785160186	0.553853019935
0.000594855110291	0.554150550431
0.000594855110291	0.55429931568
0.000594855110291	0.554448080928
0.000606995010501	0.554894376674
0.000606995010501	0.555043141922
0.000606995010501	0.55519190717
0.000637344761026	0.556828324903
0.000637344761026	0.556977090152
0.000637344761026	0.5571258554
0.000637344761026	0.557720916394
0.000637344761026	0.557869681642
0.000637344761026	0.560696221363
0.000637344761026	0.561291282356
0.000637344761026	0.561440047605
0.000649484661236	0.561588812853
0.000649484661236	0.562035108599
0.000649484661236	0.562778934841
0.000649484661236	0.563076465338
0.000649484661236	0.563225230586
0.000661624561446	0.566795596549
0.000661624561446	0.566944361797
0.000661624561446	0.567093127046
0.000661624561446	0.567241892294
0.000661624561446	0.571109788753
0.000661624561446	0.571258554002
0.000667694511551	0.573787563225
0.000667694511551	0.573936328474
0.000667694511551	0.574233858971
0.000667694511551	0.575870276703
0.000673764461656	0.5761678072
0.000679834411761	0.5761678072
0.000679834411761	0.578250520678
0.000679834411761	0.578399285927
0.000679834411761	0.578548051175
0.000679834411761	0.578696816424
0.000685904361866	0.578696816424
0.000704114212181	0.579886938411
0.000704114212181	0.58003570366
0.000704114212181	0.580184468908
0.000704114212181	0.580333234157
0.000704114212181	0.580481999405
0.000704114212181	0.58092829515
0.000704114212181	0.581523356144
0.000704114212181	0.581820886641
0.000704114212181	0.582267182386
0.000704114212181	0.582415947635
0.000704114212181	0.583903600119
0.000704114212181	0.584052365367
0.000704114212181	0.584349895864
0.000710184162286	0.584647426361
0.000710184162286	0.58479619161
0.000716254112391	0.585093722107
0.000728394012601	0.58762273133
0.000728394012601	0.588217792324
0.000728394012601	0.588366557572
0.000728394012601	0.588812853317
0.000728394012601	0.588961618566
0.000728394012601	0.589110383814
0.000728394012601	0.589259149063
0.000728394012601	0.589407914311
0.000734463962706	0.589407914311
0.000740533912811	0.58955667956
0.000740533912811	0.590598036299
0.000740533912811	0.590895566796
0.000740533912811	0.591044332044
0.000740533912811	0.591788158286
0.000740533912811	0.591936923535
0.000740533912811	0.592085688783
0.000825513214281	0.594019637013
0.000825513214281	0.594912228503
0.000825513214281	0.595209759
0.000831583164386	0.595358524249
0.000837653114491	0.595358524249
0.000837653114491	0.596102350491
0.000837653114491	0.596251115739
0.000837653114491	0.596548646236
0.000837653114491	0.597738768224
0.000837653114491	0.598185063969
0.000837653114491	0.598333829217
0.000837653114491	0.598780124963
0.000861932914911	0.599226420708
0.000874072815121	0.599375185957
0.000874072815121	0.599523951205
0.000880142765226	0.599523951205
0.000898352615542	0.599523951205
0.000898352615542	0.599672716453
0.000898352615542	0.59997024695
0.000904422565647	0.59997024695
0.000910492515752	0.600119012199
0.000910492515752	0.600267777447
0.000916562465857	0.600714073193
0.000916562465857	0.601011603689
0.000916562465857	0.603540612913
0.000922632415962	0.60383814341
0.000922632415962	0.6047307349
0.000928702366067	0.6047307349
0.000928702366067	0.605623326391
0.000928702366067	0.606218387385
0.000934772316172	0.606218387385
0.000934772316172	0.606813448378
0.000940842266277	0.606813448378
0.000946912216382	0.606813448378
0.000959052116592	0.607408509372
0.000965122066697	0.607408509372
0.000965122066697	0.607706039869
0.000971192016802	0.607706039869
0.000971192016802	0.608301100863
0.000977261966907	0.608301100863
0.00100761171743	0.60949122285
0.00100761171743	0.609639988099
0.00100761171743	0.610086283844
0.0010925910189	0.614846771794
0.0010925910189	0.614995537043
0.0010925910189	0.615590598036
0.00111080086922	0.620053555489
0.00111080086922	0.620351085986
0.00112294076943	0.62094614698
0.00113508066964	0.62094614698
0.00116543042016	0.626004165427
0.00117150037027	0.626004165427
0.00117150037027	0.628384409402
0.00122612992121	0.629872061886
0.00122612992121	0.63046712288
0.00122612992121	0.631210949122
0.00122612992121	0.631359714371
0.00122612992121	0.631508479619
0.00124433977153	0.633442427849
0.00124433977153	0.634037488843
0.00124433977153	0.634186254091
0.00124433977153	0.634335019339
0.00124433977153	0.634632549836
0.00129289937237	0.634632549836
0.00129289937237	0.634930080333
0.00129896932247	0.635078845582
0.00129896932247	0.635376376079
0.00134145897321	0.636715263314
0.00134752892331	0.636715263314
0.00136573877363	0.636715263314
0.00138394862394	0.636715263314
0.00139608852415	0.636864028563
0.00142036832457	0.637756620054
0.00142036832457	0.638500446296
0.00142036832457	0.638649211544
0.00142643827468	0.638649211544
0.0014507180751	0.63998809878
0.00147499787552	0.640285629277
0.00147499787552	0.640583159774
0.00148106782562	0.640583159774
0.00148713777573	0.640583159774
0.00149320772583	0.644897351979
0.00149320772583	0.645046117227
0.00154783727678	0.646533769711
0.00154783727678	0.64668253496
0.00155390722688	0.64668253496
0.00155997717699	0.64668253496
0.00155997717699	0.64757512645
0.0015781870273	0.648914013686
0.00158425697741	0.648914013686
0.00164495647846	0.649062778935
0.00166923627888	0.649211544183
0.00166923627888	0.649360309432
0.00167530622898	0.649360309432
0.00168137617909	0.650550431419
0.00168744612919	0.650550431419
0.00168744612919	0.650699196668
0.0016935160793	0.650699196668
0.0016935160793	0.651145492413
0.00171172592961	0.652038083904
0.00175421558035	0.652038083904
0.00176028553045	0.652038083904
0.00176635548056	0.652038083904
0.00177242543066	0.652038083904
0.00177242543066	0.652186849152
0.00177242543066	0.6523356144
0.00177849538077	0.6523356144
0.00179670523108	0.6523356144
0.0018149150814	0.6523356144
0.0018149150814	0.652484379649
0.0018149150814	0.653674501636
0.0018149150814	0.653823266885
0.0018209850315	0.653823266885
0.00182705498161	0.653823266885
0.00182705498161	0.654120797382
0.00183919488182	0.654120797382
0.00183919488182	0.65426956263
0.00191203428308	0.65426956263
0.00191810423318	0.657839928593
0.00191810423318	0.657988693841
0.00191810423318	0.65813745909
0.00191810423318	0.658434989586
0.00195452393381	0.659327581077
0.00195452393381	0.659625111574
0.00196666383402	0.659625111574
0.00196666383402	0.659773876822
0.00197273378413	0.659773876822
0.00197880373423	0.659773876822
0.00202736333507	0.660071407319
0.00203950323528	0.660071407319
0.00217304213759	0.662154120797
0.00217304213759	0.662451651294
0.00217304213759	0.663046712288
0.00220339188812	0.663641773282
0.00223981158875	0.663641773282
0.00223981158875	0.66379053853
0.00225195148896	0.66379053853
0.00225802143906	0.66379053853
0.00225802143906	0.663939303779
0.00228230123948	0.663939303779
0.00228230123948	0.664088069027
0.00232479089022	0.664088069027
0.00232479089022	0.664236834276
0.00233086084032	0.664236834276
0.00239763029148	0.665873252008
0.00239763029148	0.666319547754
0.00239763029148	0.667063373996
0.00239763029148	0.667212139244
0.00244011994221	0.668253495983
0.00244618989232	0.668253495983
0.00245225984242	0.668253495983
0.00245225984242	0.66855102648
0.00245832979253	0.66855102648
0.00246439974263	0.66855102648
0.00246439974263	0.669146087474
0.00246439974263	0.669294852722
0.00246439974263	0.669443617971
0.00247046969274	0.669443617971
0.00247653964284	0.669443617971
0.00247653964284	0.669592383219
0.00250081944326	0.670038678965
0.00251295934347	0.670187444213
0.00251295934347	0.670336209461
0.00251902929358	0.672567688188
0.00252509924368	0.672865218685
0.00252509924368	0.673013983933
0.00252509924368	0.673162749182
0.00253116919379	0.673460279679
0.00253116919379	0.676138054151
0.002543309094	0.676435584647
0.002543309094	0.676881880393
0.002543309094	0.677030645641
0.00256151894431	0.677923237132
0.00256151894431	0.67807200238
0.00256758889442	0.67807200238
0.00256758889442	0.678220767629
0.00257365884452	0.678220767629
0.00257972879463	0.678369532877
0.00257972879463	0.678518298126
0.00257972879463	0.678667063374
0.00257972879463	0.678815828622
0.00257972879463	0.678964593871
0.00261614849526	0.680601011604
0.00264042829568	0.680601011604
0.00264042829568	0.681047307349
0.00264649824578	0.681047307349
0.00265256819589	0.681047307349
0.00265256819589	0.681196072597
0.0026647080961	0.681493603094
0.0026647080961	0.681642368343
0.0026647080961	0.681791133591
0.0026647080961	0.683576316572
0.0026647080961	0.684915203808
0.0026707780462	0.684915203808
0.0026707780462	0.685361499554
0.00267684799631	0.685510264802
0.00268291794641	0.685510264802
0.00274968739757	0.686551621541
0.00278003714809	0.686997917287
0.0027861070982	0.687741743529
0.0027861070982	0.688634335019
0.0027861070982	0.688783100268
0.00355699076154	0.724337994644
0.00420647542277	0.761826837251
0.00420647542277	0.762273132996
0.00423075522319	0.762273132996
0.0042368251733	0.762570663493
0.00424896507351	0.763165724487
0.00425503502361	0.763314489735
0.00425503502361	0.763463254984
0.00427931482403	0.763909550729
0.00429145472424	0.763909550729
0.00429145472424	0.764207081226
0.00434001432508	0.764653376971
0.00438250397582	0.764653376971
0.00439464387603	0.764950907468
0.00440678377624	0.765397203213
0.00442499362655	0.765545968462
0.00442499362655	0.766884855698
0.00442499362655	0.767033620946
0.00443713352676	0.767033620946
0.00443713352676	0.767182386195
0.00444927342697	0.767331151443
0.00445534337708	0.767331151443
0.00445534337708	0.767479916691
0.00445534337708	0.767777447188
0.00449176307771	0.768074977685
0.00450390297792	0.768074977685
0.00452818277834	0.768223742934
0.00454639262865	0.768223742934
0.00524443689073	0.813597143707
0.00526264674104	0.814043439453
0.00528692654146	0.815531091937
0.00528692654146	0.815977387682
0.00529906644167	0.815977387682
0.00530513639178	0.816423683428
0.00550544474524	0.819250223148
0.00552365459556	0.819696518893
0.00552365459556	0.819845284142
0.00555400434608	0.820142814639
0.00555400434608	0.820291579887
0.0055782841465	0.821779232371
0.00558435409661	0.821779232371
0.00559042404671	0.821779232371
0.00559042404671	0.82192799762
0.00559042404671	0.822523058614
0.00559042404671	0.823415650104
0.00559042404671	0.823564415353
0.00560256394692	0.823564415353
0.00566933339808	0.824010711098
0.00567540334818	0.824457006843
0.0056936131985	0.824457006843
0.0056996831486	0.824457006843
0.00614278950627	0.827134781315
0.00616099935659	0.827283546564
0.0061731392568	0.827283546564
0.0061792092069	0.827283546564
0.0061792092069	0.827432311812
0.00618527915701	0.82758107706
0.00618527915701	0.827729842309
0.00618527915701	0.827878607557
0.00622776880774	0.828027372806
0.00623990870795	0.828027372806
0.00624597865806	0.828324903303
0.00626418850837	0.830110086284
0.00631274810921	0.830407616781
0.00631274810921	0.830556382029
0.00631881805932	0.830556382029
0.0066648052153	0.834870574234
0.0066648052153	0.835019339482
0.00681655396793	0.835168104731
0.00682262391803	0.835168104731
0.00682869386814	0.835168104731
0.00684083376835	0.835168104731
0.00693188301992	0.835614400476
0.00717468102412	0.837845879203
0.00718075097423	0.838143409699
0.00719896082454	0.838292174948
0.00721717067486	0.838292174948
0.00722324062496	0.838292174948
0.00723538052517	0.838292174948
0.00725966032559	0.838887235942
0.0072657302757	0.838887235942
0.00728394012601	0.838887235942
0.00729608002622	0.839184766439
0.00730214997633	0.839184766439
0.00730214997633	0.839333531687
0.00733249972685	0.840077357929
0.00733856967696	0.840077357929
0.00745389872895	0.840226123178
0.00745389872895	0.840374888426
0.00745996867906	0.840523653675
0.00746603862916	0.840523653675
0.00747210857927	0.841565010414
0.00747210857927	0.84186254091
0.00747817852937	0.84186254091
0.00748424847948	0.84186254091
0.00749638837969	0.842160071407
0.0082369222925	0.885599523951
0.00829155184344	0.885599523951
0.00830369174365	0.885599523951
0.00830369174365	0.886343350193
0.00830369174365	0.886492115442
0.00849793014701	0.887533472181
0.00852220994743	0.887533472181
0.00854648974785	0.887979767926
0.00855255969796	0.887979767926
0.00855255969796	0.888128533175
0.00855862964806	0.888128533175
0.00856469959817	0.888128533175
0.00869216855037	0.888723594168
0.008728588251	0.888723594168
0.00892282665436	0.889021124665
0.00899566605563	0.889021124665
0.00899566605563	0.889616185659
0.00901387590594	0.889616185659
0.00902601580615	0.889913716156
0.00904422565647	0.889913716156
0.00914134485815	0.890360011901
0.00917776455878	0.890657542398
0.00918990445899	0.890657542398
0.00919597440909	0.890657542398
0.0092020443592	0.890657542398
0.0092020443592	0.890806307647
0.00927488376046	0.890955072895
0.00928095371056	0.891103838143
0.00939021281245	0.891698899137
0.00940842266277	0.891698899137
0.00946305221371	0.891698899137
0.00947519211392	0.891698899137
0.00948126206403	0.891698899137
0.00948126206403	0.891847664386
0.00952375171476	0.891847664386
0.00953589161497	0.891847664386
0.00955410146529	0.892293960131
0.00959659111602	0.892442725379
0.00961480096634	0.892442725379
0.00963301081665	0.893186551622
0.00963908076676	0.893186551622
0.00966336056718	0.89333531687
0.00966943051728	0.89333531687
0.00968157041749	0.89333531687
0.00971799011812	0.893781612615
0.00972406006823	0.893781612615
0.00973013001833	0.893930377864
0.00976654971896	0.894227908361
0.00977868961917	0.894376673609
0.00978475956928	0.894376673609
0.0098151093198	0.894525438857
0.0098151093198	0.894674204106
0.00982117926991	0.894674204106
0.00983938912022	0.895418030348
0.00985152902043	0.895418030348
0.00988794872106	0.895418030348
0.00995471817222	0.895418030348
0.00997292802253	0.895418030348
0.0100214876234	0.895418030348
0.0100275575735	0.895418030348
0.0100396974737	0.895418030348
0.0102217959768	0.896459387087
0.0102400058272	0.896756917584
0.0102460757773	0.896756917584
0.0102582156775	0.896756917584
0.0102642856276	0.896756917584
0.010288565428	0.896756917584
0.0103067752783	0.896756917584
0.0103128452284	0.896756917584
0.0103371250288	0.896756917584
0.0103978245299	0.896905682832
0.01040389448	0.896905682832
0.0104403141806	0.896905682832
0.0104524540808	0.896905682832
0.0105070836318	0.897054448081
0.0105070836318	0.897351978578
0.0105131535819	0.897351978578
0.0105738530829	0.897351978578
0.0106102727836	0.897351978578
0.0106163427337	0.897351978578
0.0106284826339	0.897351978578
0.0106527624343	0.897351978578
0.0107073919852	0.897351978578
0.0107802313865	0.897500743826
0.0107923712867	0.897500743826
0.0107984412368	0.897500743826
0.0107984412368	0.897649509075
0.0108227210372	0.897649509075
0.0108287909873	0.897798274323
0.0110108894905	0.897947039572
0.0110230293907	0.89809580482
0.0110290993408	0.89809580482
0.0110533791412	0.89809580482
0.0110594490913	0.89809580482
0.0110655190414	0.89809580482
0.0111687081932	0.89809580482
0.0111747781433	0.89809580482
0.0111747781433	0.898393335317
0.0112172677941	0.898393335317
0.0112172677941	0.898839631062
0.0114418559479	0.898988396311
0.0115329051995	0.898988396311
0.0115389751496	0.898988396311
0.0117150037027	0.899137161559
0.0117574933534	0.899137161559
0.0126376361186	0.899137161559
0.0126619159191	0.899137161559
0.0126679858692	0.899137161559
0.0126922656696	0.899137161559
0.0126983356197	0.899137161559
0.0127104755199	0.899285926807
0.0127893848713	0.899285926807
0.0128258045719	0.899285926807
0.0128258045719	0.90002975305
0.012831874522	0.90002975305
0.0128379444721	0.90002975305
0.0136027581853	0.90002975305
0.0145314605514	0.90002975305
0.0157940101732	0.900327283547
0.0158061500734	0.900327283547
0.0158607796244	0.900327283547
0.0160610879779	0.900624814043
0.016935160793	0.900624814043
0.0169412307431	0.900624814043
0.0169594405934	0.900624814043
0.0169655105435	0.90092234454
0.0169837203938	0.90092234454
0.0169837203938	0.901071109789
0.0170080001942	0.901071109789
0.0170140701443	0.901071109789
0.0170201400944	0.901219875037
0.0170262100446	0.901219875037
0.0170322799947	0.901219875037
0.0170565597951	0.901219875037
0.0170626297452	0.901219875037
0.017111189346	0.901219875037
0.0171172592961	0.901219875037
0.0171233292462	0.901219875037
0.0171293991963	0.901219875037
0.0171354691464	0.901219875037
0.0172993577993	0.901368640286
0.0173114976995	0.901368640286
0.0173236375997	0.901666170783
0.01734184745	0.901666170783
0.0512607286368	0.903302588515
0.051272868537	0.903302588515
0.0513032182875	0.903302588515
0.083929200102	0.904790241
0.083929200102	0.904939006248
0.11906207131	0.906872954478
0.153053791898	0.907914311217
0.153138771199	0.908509372211
0.1531509111	0.908509372211
0.1531994707	0.908658137459
0.153223750501	0.908658137459
0.153229820451	0.908658137459
0.153235890401	0.908658137459
0.153278380052	0.908806902708
0.153302659852	0.908806902708
0.153363359353	0.908955667956
0.153369429303	0.908955667956
0.153442268705	0.908955667956
0.154698748376	0.908955667956
0.154814077428	0.908955667956
0.155014385782	0.909401963701
0.155129714834	0.90955072895
0.155251113836	0.909699494198
0.155439282289	0.909699494198
0.15667148216	0.909699494198
0.156683622061	0.909997024695
0.157861192381	0.909997024695
0.157970451483	0.909997024695
0.157982591383	0.909997024695
0.159336190257	0.910145789943
0.159342260207	0.910145789943
0.160513760577	0.910592085689
0.160920447234	0.910592085689
0.160938657084	0.910592085689
0.163396986877	0.910592085689
0.163481966178	0.910592085689
0.163488036128	0.910592085689
0.163694414432	0.910740850937
0.163724764182	0.910740850937
0.164107171039	0.910740850937
0.166735459435	0.910740850937
0.169090600075	0.910740850937
0.169102739975	0.910740850937
0.169139159676	0.910740850937
0.170941934857	0.910740850937
0.173212096197	0.910740850937
0.380306653879	0.934989586433
0.587735058818	0.954775364475
0.79307540092	0.97619756025
0.793348548675	0.97619756025
0.793354618625	0.97619756025
0.999684362595	1.0
0.999714712345	1.0
0.999732922195	1.0
1.0	1.0
