0.0	0.0
4.85596008401e-05	0.0681344837846
8.49793014701e-05	0.127938113657
0.00014567880252	0.188634335019
0.00018209850315	0.257958940791
0.000236728054095	0.300208271348
0.000315637405461	0.349300803332
0.000358127056196	0.401666170783
0.000388476806721	0.44852722404
0.000394546756826	0.44852722404
0.000528085659136	0.450014876525
0.000637344761026	0.452692650997
0.000722324062496	0.453436477239
0.000843723064596	0.455519190717
0.000849793014701	0.458792026183
0.000849793014701	0.45908955668
0.000849793014701	0.459387087176
0.000898352615542	0.466081523356
0.000946912216382	0.475453734008
0.000977261966907	0.483189526927
0.00103796146796	0.490181493603
0.00103796146796	0.490330258852
0.00136573877363	0.509967271645
0.00136573877363	0.510711097888
0.00163888652835	0.532282058911
0.00189382443276	0.556530794406
0.00217304213759	0.577209163939
0.0021851820378	0.57810175543
0.0021851820378	0.578696816424
0.0021851820378	0.579143112169
0.0021851820378	0.579589407914
0.00226409138917	0.595656054746
0.00236728054095	0.614995537043
0.00240370024158	0.614995537043
0.00248867954305	0.634037488843
0.0025493790441	0.634186254091
0.00258579874473	0.635078845582
0.00268898789652	0.652038083904
0.00273147754725	0.652186849152
0.00273147754725	0.652484379649
0.00301676520219	0.654864623624
0.00307746470324	0.656054745611
0.00312602430408	0.658583754835
0.00377550896532	0.664236834276
0.00378157891542	0.665129425766
0.00437643402571	0.671080035704
0.00443106357666	0.672270157691
0.00504412853726	0.677774471883
0.00506233838758	0.677923237132
0.0050926881381	0.67807200238
0.0050926881381	0.680898542101
0.00514731768905	0.680898542101
0.0056936131985	0.681047307349
0.00639165746058	0.723742933651
0.00679227416751	0.726718238619
0.00713219137339	0.726718238619
0.00792128488704	0.764653376971
0.00857683949838	0.803629872062
0.00923846405983	0.842457601904
0.00924453400993	0.842457601904
0.00969978026781	0.852871169295
0.0103553348791	0.862540910443
0.0105981328833	0.865516215412
0.0110776589416	0.875632252306
0.0115875347505	0.885599523951
0.0118364027048	0.888872359417
0.0121338302599	0.892145194882
0.0124130479647	0.895864326093
0.0127529651706	0.896013091342
0.0128986439731	0.896013091342
0.0129896932247	0.896013091342
0.0133235404805	0.896013091342
0.013584548335	0.896013091342
0.0143554319983	0.896310621839
0.0144889709007	0.896310621839
0.0146285797531	0.896608152336
0.0164070751338	0.897500743826
0.0232236291018	0.900624814043
0.0306714578806	0.903005058018
0.0371784443932	0.905831597739
0.0373241231957	0.906426658733
0.0422832724315	0.909104433204
0.0483350126862	0.912079738173
0.0545749213941	0.915947634633
0.060754130601	0.91907170485
0.0722202663494	0.91996429634
0.0723841550022	0.920856887831
0.0776225219429	0.924129723297
0.0781141879014	0.924278488545
0.0786908331614	0.924427253794
0.0789336311656	0.925171080036
0.0904968861156	0.925766141029
0.10173236376	0.926361202023
0.102011581465	0.92665873252
0.113793354619	0.927402558762
0.114363929928	0.927551324011
0.114649217583	0.927551324011
0.114776686536	0.92859268075
0.217449892562	0.944064266587
0.325331115778	0.957750669444
0.432502154832	0.970098185064
0.540705085404	0.984974709908
0.548262173285	0.985272240405
0.556195598072	0.98571853615
0.563959064256	0.986016066647
0.572080657497	0.986759892889
0.596081240212	0.98765248438
0.61963871657	0.98854507587
0.62199385721	0.989735197858
0.644853289306	0.9904790241
0.649175093781	0.991371615591
0.651554514222	0.992710502827
0.653885375062	0.993751859566
0.654814077428	0.994495685808
0.678146965632	0.995834573044
0.678165175482	0.996132103541
0.758525244922	0.996727164534
0.838921734063	0.996875929783
0.918656598643	0.998214817019
0.999933230549	1.0
1.0	1.0
