0.0	0.000736105999264
0.0	0.0011041589989
0.0	0.00184026499816
0.0	0.00220831799779
0.0	0.00404858299595
0.0	0.00441663599558
0.0	0.00478468899522
0.0	0.00552079499448
0.0	0.00662495399338
0.0	0.0080971659919
0.0	0.0092013249908
0.0	0.0103054839897
0.0	0.0106735369893
0.0	0.011041589989
0.0	0.0114096429886
0.0	0.0125138019875
2.47800768182e-05	0.013986013986
2.47800768182e-05	0.0143540669856
2.47800768182e-05	0.0150901729849
2.47800768182e-05	0.0154582259845
2.47800768182e-05	0.0161943319838
2.47800768182e-05	0.018034596982
2.47800768182e-05	0.0187707029812
7.43402304547e-05	0.0187707029812
7.43402304547e-05	0.0191387559809
7.43402304547e-05	0.0198748619801
7.43402304547e-05	0.0202429149798
7.43402304547e-05	0.0206109679794
7.43402304547e-05	0.0213470739787
7.43402304547e-05	0.0253956569746
7.43402304547e-05	0.0257637099742
7.43402304547e-05	0.0261317629739
7.43402304547e-05	0.0268678689731
7.43402304547e-05	0.0272359219728
7.43402304547e-05	0.0276039749724
7.43402304547e-05	0.027972027972
7.43402304547e-05	0.0283400809717
7.43402304547e-05	0.0287081339713
7.43402304547e-05	0.0294442399706
7.43402304547e-05	0.0298122929702
7.43402304547e-05	0.0312845049687
7.43402304547e-05	0.0316525579683
7.43402304547e-05	0.032020610968
9.9120307273e-05	0.032020610968
9.9120307273e-05	0.0331247699669
0.000123900384091	0.0342289289658
0.000123900384091	0.034965034965
0.000123900384091	0.0353330879647
0.000148680460909	0.0353330879647
0.000198240614546	0.0357011409643
0.000198240614546	0.0360691939639
0.000223020691364	0.0360691939639
0.000223020691364	0.0364372469636
0.000247800768182	0.0371733529628
0.000272580845001	0.0375414059625
0.000272580845001	0.0379094589621
0.000272580845001	0.0382775119617
0.000272580845001	0.039013617961
0.000297360921819	0.039013617961
0.000322140998637	0.039013617961
0.000346921075455	0.039013617961
0.000346921075455	0.0393816709606
0.000371701152274	0.0393816709606
0.000371701152274	0.0401177769599
0.000396481229092	0.0401177769599
0.00042126130591	0.0408538829591
0.00042126130591	0.0412219359588
0.00042126130591	0.0415899889584
0.00042126130591	0.041958041958
0.000446041382728	0.0426941479573
0.000446041382728	0.0430622009569
0.000470821459547	0.0430622009569
0.000470821459547	0.0434302539566
0.000495601536365	0.0434302539566
0.000520381613183	0.0441663599558
0.000545161690001	0.0441663599558
0.000569941766819	0.0445344129555
0.000594721843638	0.0445344129555
0.000619501920456	0.0449024659551
0.000644281997274	0.0449024659551
0.000669062074092	0.0449024659551
0.000669062074092	0.0456385719544
0.000693842150911	0.0456385719544
0.000693842150911	0.0463746779536
0.000743402304547	0.0463746779536
0.000743402304547	0.0467427309533
0.000743402304547	0.0471107839529
0.000768182381365	0.0471107839529
0.000817742535002	0.0471107839529
0.00084252261182	0.0482149429518
0.000867302688638	0.0482149429518
0.000867302688638	0.048951048951
0.000867302688638	0.0493191019507
0.000867302688638	0.0496871549503
0.000867302688638	0.0507913139492
0.000867302688638	0.0515274199485
0.000966422995911	0.0522635259477
0.000966422995911	0.0526315789474
0.000966422995911	0.052999631947
0.00099120307273	0.052999631947
0.00099120307273	0.0533676849466
0.00101598314955	0.0537357379463
0.00104076322637	0.0552079499448
0.00106554330318	0.0552079499448
0.00109032338	0.0552079499448
0.00113988353364	0.0555760029444
0.00116466361046	0.0555760029444
0.00116466361046	0.0559440559441
0.00116466361046	0.0563121089437
0.00121422376409	0.0563121089437
0.00123900384091	0.0563121089437
0.00123900384091	0.0566801619433
0.00123900384091	0.057048214943
0.00126378391773	0.057048214943
0.00128856399455	0.057048214943
0.00131334407137	0.057048214943
0.00131334407137	0.0577843209422
0.00131334407137	0.0581523739418
0.00131334407137	0.0585204269415
0.00133812414818	0.0585204269415
0.001362904225	0.0585204269415
0.001362904225	0.0588884799411
0.00138768430182	0.0588884799411
0.00138768430182	0.0592565329407
0.00138768430182	0.0603606919396
0.00141246437864	0.0603606919396
0.00141246437864	0.0607287449393
0.00141246437864	0.0633051159367
0.00143724445546	0.0633051159367
0.00151158468591	0.0633051159367
0.00151158468591	0.0636731689363
0.00153636476273	0.0636731689363
0.00156114483955	0.0636731689363
0.00156114483955	0.0644092749356
0.00158592491637	0.0651453809349
0.00158592491637	0.0655134339345
0.00161070499319	0.0655134339345
0.00168504522364	0.0658814869341
0.00168504522364	0.0662495399338
0.00170982530046	0.0662495399338
0.00170982530046	0.066985645933
0.00173460537728	0.0677217519323
0.00173460537728	0.0717703349282
0.00178416553091	0.0725064409275
0.00210630652955	0.0769230769231
0.00213108660637	0.0769230769231
0.00215586668319	0.0776591829223
0.00223020691364	0.078027235922
0.00225498699046	0.078027235922
0.00232932722091	0.078027235922
0.00232932722091	0.0783952889216
0.00235410729773	0.0791313949209
0.00237888737455	0.0791313949209
0.00237888737455	0.0794994479205
0.00240366745137	0.0798675009201
0.00242844752819	0.0798675009201
0.00242844752819	0.0802355539198
0.00252756783546	0.080971659919
0.00255234791228	0.080971659919
0.0025771279891	0.080971659919
0.00260190806592	0.080971659919
0.00265146821955	0.0813397129187
0.00270102837319	0.0817077659183
0.00272580845001	0.0817077659183
0.00275058852682	0.0817077659183
0.00280014868046	0.0817077659183
0.00280014868046	0.0820758189179
0.00280014868046	0.0824438719176
0.00280014868046	0.0828119249172
0.00280014868046	0.0835480309165
0.00280014868046	0.0839160839161
0.00282492875728	0.0842841369157
0.00282492875728	0.085020242915
0.00287448891092	0.085020242915
0.00289926898773	0.085020242915
0.00294882914137	0.0853882959146
0.00297360921819	0.0853882959146
0.00297360921819	0.0857563489142
0.00317184983273	0.0875966139124
0.00319662990955	0.0875966139124
0.00329575021683	0.0875966139124
0.00329575021683	0.087964666912
0.00332053029364	0.087964666912
0.00337009044728	0.0883327199117
0.0033948705241	0.0894368789106
0.00341965060092	0.0898049319102
0.00341965060092	0.0901729849098
0.00341965060092	0.0905410379095
0.00344443067774	0.0905410379095
0.00346921075455	0.0905410379095
0.00346921075455	0.0909090909091
0.00346921075455	0.0912771439087
0.00346921075455	0.0916451969084
0.00349399083137	0.0916451969084
0.00351877090819	0.0916451969084
0.00354355098501	0.0916451969084
0.00356833106183	0.092013249908
0.00359311113864	0.092013249908
0.00361789121546	0.0923813029076
0.00379135175319	0.0967979389032
0.00381613183001	0.0967979389032
0.00381613183001	0.0971659919028
0.00384091190683	0.0971659919028
0.00406393259819	0.100846521899
0.00406393259819	0.101214574899
0.00406393259819	0.103422892897
0.00408871267501	0.103422892897
0.0042126130591	0.103422892897
0.0042126130591	0.104527051895
0.00423739313592	0.104527051895
0.00431173336637	0.104895104895
0.00436129352001	0.104895104895
0.00436129352001	0.105263157895
0.00436129352001	0.105631210894
0.00436129352001	0.105999263894
0.00438607359683	0.105999263894
0.00441085367365	0.105999263894
0.00458431421137	0.107471475893
0.00463387436501	0.108207581892
0.00463387436501	0.108575634891
0.00465865444183	0.108575634891
0.00468343451865	0.108575634891
0.00470821459547	0.108575634891
0.00470821459547	0.108943687891
0.0047577747491	0.108943687891
0.00478255482592	0.108943687891
0.00495601536365	0.108943687891
0.00498079544047	0.108943687891
0.00500557551728	0.10967979389
0.00500557551728	0.11041589989
0.0050303555941	0.11041589989
0.0050303555941	0.110783952889
0.00505513567092	0.110783952889
0.00507991574774	0.110783952889
0.00507991574774	0.111152005889
0.00510469582456	0.111520058888
0.00512947590138	0.111520058888
0.00515425597819	0.111888111888
0.00517903605501	0.112256164888
0.00540205674638	0.114464482886
0.00540205674638	0.115200588885
0.00542683682319	0.115200588885
0.00545161690001	0.115568641884
0.00547639697683	0.115568641884
0.00550117705365	0.115568641884
0.00550117705365	0.115936694884
0.00552595713047	0.115936694884
0.00555073720729	0.115936694884
0.0055755172841	0.115936694884
0.00562507743774	0.116672800883
0.00562507743774	0.117040853883
0.00564985751456	0.117040853883
0.00567463759138	0.117040853883
0.00569941766819	0.117040853883
0.00572419774501	0.117040853883
0.00579853797547	0.117776959882
0.00582331805229	0.117776959882
0.00609589889729	0.12035333088
0.00609589889729	0.120721383879
0.0061206789741	0.120721383879
0.00614545905092	0.120721383879
0.00617023912774	0.120721383879
0.00617023912774	0.121089436879
0.0062445793582	0.121457489879
0.00626935943501	0.121457489879
0.00631891958865	0.121457489879
0.00636847974229	0.121457489879
0.00636847974229	0.121825542878
0.00639325981911	0.121825542878
0.00641803989592	0.122193595878
0.00644281997274	0.122193595878
0.00646760004956	0.122193595878
0.00649238012638	0.122193595878
0.0065171602032	0.122193595878
0.0065171602032	0.122561648877
0.0065171602032	0.122929701877
0.00661628051047	0.122929701877
0.00664106058729	0.122929701877
0.00664106058729	0.123297754877
0.00664106058729	0.123665807876
0.00666584066411	0.123665807876
0.00669062074092	0.123665807876
0.00671540081774	0.123665807876
0.00676496097138	0.124033860876
0.0067897410482	0.124033860876
0.0067897410482	0.124401913876
0.00681452112502	0.124401913876
0.00683930120183	0.124401913876
0.00686408127865	0.124401913876
0.00698798166274	0.124769966875
0.00701276173956	0.124769966875
0.00703754181638	0.124769966875
0.0070623218932	0.124769966875
0.00708710197002	0.124769966875
0.00711188204683	0.124769966875
0.00716144220047	0.126610231873
0.00718622227729	0.126610231873
0.00721100235411	0.126610231873
0.00728534258456	0.126978284873
0.0073349027382	0.126978284873
0.00735968281502	0.126978284873
0.00740924296865	0.126978284873
0.00743402304547	0.126978284873
0.00745880312229	0.126978284873
0.00748358319911	0.126978284873
0.00748358319911	0.127346337873
0.00748358319911	0.127714390872
0.00750836327593	0.127714390872
0.00753314335274	0.127714390872
0.00758270350638	0.127714390872
0.00758270350638	0.128082443872
0.00773138396729	0.128818549871
0.00783050427456	0.128818549871
0.00785528435138	0.128818549871
0.0078800644282	0.128818549871
0.00792962458184	0.12955465587
0.00792962458184	0.12992270887
0.00795440465865	0.13029076187
0.00797918473547	0.13029076187
0.00800396481229	0.13029076187
0.00800396481229	0.130658814869
0.00802874488911	0.131026867869
0.00802874488911	0.131394920869
0.00802874488911	0.131762973868
0.00802874488911	0.132499079868
0.00805352496593	0.132499079868
0.00810308511956	0.132499079868
0.00812786519638	0.132499079868
0.00812786519638	0.132867132867
0.00820220542684	0.132867132867
0.00822698550366	0.132867132867
0.00825176558047	0.132867132867
0.00827654565729	0.132867132867
0.00835088588775	0.132867132867
0.00837566596456	0.132867132867
0.00840044604138	0.132867132867
0.00845000619502	0.132867132867
0.0089703878082	0.137651821862
0.00899516788502	0.137651821862
0.00899516788502	0.138019874862
0.00901994796184	0.138019874862
0.00906950811548	0.138019874862
0.00909428819229	0.138019874862
0.00929252880684	0.13986013986
0.00931730888366	0.13986013986
0.00934208896048	0.13986013986
0.00934208896048	0.140964298859
0.00941642919093	0.140964298859
0.00944120926775	0.140964298859
0.00949076942139	0.141332351859
0.00949076942139	0.141700404858
0.0095155494982	0.141700404858
0.00954032957502	0.141700404858
0.00954032957502	0.142436510858
0.00961466980548	0.142436510858
0.00966422995911	0.143172616857
0.00968901003593	0.143540669856
0.00968901003593	0.144276775856
0.00971379011275	0.144276775856
0.00973857018957	0.144276775856
0.00996159088093	0.145012881855
0.0101598314955	0.145380934855
0.0101598314955	0.146853146853
0.0101846115723	0.146853146853
0.0103085119564	0.149061464851
0.0103085119564	0.149429517851
0.0103332920332	0.149429517851
0.0109280138768	0.152741994847
0.0109527939537	0.152741994847
0.0109775740305	0.152741994847
0.0109775740305	0.153110047847
0.0110519142609	0.153110047847
0.0111262544914	0.153478100847
0.0111262544914	0.154214206846
0.0111262544914	0.154582259845
0.0111262544914	0.154950312845
0.011175814645	0.154950312845
0.011175814645	0.155318365845
0.0112005947218	0.155318365845
0.0112005947218	0.155686418844
0.0112253747987	0.156054471844
0.0112501548755	0.156054471844
0.0112749349523	0.156054471844
0.0113492751828	0.157158630843
0.0113988353364	0.157158630843
0.01144839549	0.157158630843
0.01144839549	0.157526683842
0.0114731755668	0.158262789842
0.0114979556437	0.158262789842
0.0115227357205	0.158262789842
0.0115475157973	0.158262789842
0.0115475157973	0.158630842841
0.0116466361046	0.158998895841
0.0116466361046	0.159366948841
0.0116714161814	0.159366948841
0.0116961962582	0.159366948841
0.0117705364887	0.16010305484
0.0117953165655	0.160839160839
0.0118448767191	0.160839160839
0.0118944368728	0.160839160839
0.0118944368728	0.161575266838
0.0118944368728	0.161943319838
0.0119439970264	0.161943319838
0.0119439970264	0.162311372838
0.0119687771032	0.162311372838
0.01199355718	0.162311372838
0.0120183372568	0.162311372838
0.0120431173337	0.162311372838
0.0121917977946	0.164887743835
0.0122165778714	0.164887743835
0.012266138025	0.164887743835
0.0123156981787	0.164887743835
0.0123156981787	0.165255796835
0.0123156981787	0.166359955834
0.0123156981787	0.166728008833
0.0123652583323	0.167464114833
0.0123900384091	0.167464114833
0.0124891587164	0.168200220832
0.0124891587164	0.17040853883
0.0125139387932	0.17040853883
0.01253871887	0.17040853883
0.0128360797918	0.176297386824
0.0131830008673	0.177769598822
0.0132077809441	0.177769598822
0.0132077809441	0.178137651822
0.0132077809441	0.178505704821
0.0132573410978	0.178505704821
0.0135299219428	0.17997791682
0.0135547020196	0.17997791682
0.0135794820964	0.17997791682
0.0136042621732	0.17997791682
0.0136538223268	0.18034596982
0.0136538223268	0.180714022819
0.0137033824805	0.180714022819
0.0137281625573	0.180714022819
0.0137529426341	0.180714022819
0.0137777227109	0.180714022819
0.0138025027878	0.180714022819
0.0138272828646	0.180714022819
0.0139264031718	0.181450128819
0.0139511832487	0.181450128819
0.0139759633255	0.181450128819
0.0140007434023	0.181818181818
0.0140007434023	0.182186234818
0.0140998637096	0.182922340817
0.0141246437864	0.182922340817
0.0142237640937	0.182922340817
0.0142237640937	0.183290393817
0.0142485441705	0.183658446816
0.0142733242473	0.183658446816
0.0148928261678	0.194331983806
0.0149423863214	0.194331983806
0.0149671663982	0.194331983806
0.014991946475	0.194331983806
0.0150167265519	0.194331983806
0.0150415066287	0.194331983806
0.0150662867055	0.194331983806
0.0150662867055	0.194700036805
0.0150910667823	0.194700036805
0.0151158468591	0.194700036805
0.0151654070128	0.194700036805
0.0152397472432	0.194700036805
0.0155123280882	0.194700036805
0.015537108165	0.194700036805
0.0155618882419	0.195436142805
0.0156114483955	0.199484725801
0.0156362284723	0.199484725801
0.0156610085491	0.199484725801
0.0156857886259	0.199484725801
0.0157601288564	0.201693043798
0.0157849089332	0.201693043798
0.0158344690869	0.201693043798
0.0158344690869	0.202061096798
0.0158592491637	0.202061096798
0.0158840292405	0.202061096798
0.0159335893941	0.202061096798
0.0160574897782	0.203533308796
0.016082269855	0.203533308796
0.0161813901623	0.203533308796
0.0162061702391	0.203901361796
0.0166522116219	0.205005520795
0.0166769916987	0.205005520795
0.0167017717755	0.205005520795
0.0167017717755	0.205373573795
0.0167761120059	0.205373573795
0.0168008920828	0.205373573795
0.01690001239	0.205741626794
0.0169495725437	0.206109679794
0.0169743526205	0.206109679794
0.017172593235	0.210526315789
0.0172717135423	0.210526315789
0.0172717135423	0.210894368789
0.0172964936191	0.210894368789
0.0173212736959	0.210894368789
0.0173708338496	0.210894368789
0.0173956139264	0.210894368789
0.0175195143105	0.210894368789
0.0175195143105	0.211262421789
0.0175195143105	0.211630474788
0.0175690744641	0.211630474788
0.0176434146946	0.211998527788
0.0178912154628	0.212734633787
0.0178912154628	0.213102686787
0.0179159955396	0.213102686787
0.0179655556932	0.213838792786
0.0179655556932	0.214206845786
0.01799033577	0.214206845786
0.0180398959237	0.216047110784
0.0180646760005	0.216047110784
0.0180894560773	0.216047110784
0.0181142361541	0.216047110784
0.018411597076	0.218623481781
0.0184363771528	0.218623481781
0.019353239995	0.226720647773
0.0194523603023	0.228192859772
0.0195514806096	0.228560912771
0.0195514806096	0.228928965771
0.0195762606864	0.228928965771
0.0201957626069	0.234449760766
0.0202205426837	0.234817813765
0.0202453227605	0.234817813765
0.0202701028373	0.234817813765
0.0202701028373	0.235553919764
0.0202701028373	0.236290025764
0.0202701028373	0.236658078763
0.0204683434519	0.237394184763
0.02071614422	0.23997055576
0.0207409242969	0.23997055576
0.0207657043737	0.23997055576
0.0208400446041	0.23997055576
0.0209391649114	0.23997055576
0.0209639449882	0.24033860876
0.0209639449882	0.241810820758
0.0211126254491	0.243283032757
0.021137405526	0.243283032757
0.02126130591	0.244387191756
0.0212860859869	0.244387191756
0.0212860859869	0.244755244755
0.0213108660637	0.244755244755
0.0215091066782	0.244755244755
0.021533886755	0.244755244755
0.0215586668319	0.244755244755
0.0215834469087	0.244755244755
0.0216577871391	0.244755244755
0.0217569074464	0.244755244755
0.0217816875232	0.244755244755
0.0221533886755	0.245491350755
0.0221781687523	0.245491350755
0.0222029488291	0.245491350755
0.022227728906	0.245491350755
0.0222525089828	0.245491350755
0.0223020691364	0.245491350755
0.0223268492132	0.245859403754
0.0223516292901	0.245859403754
0.0223516292901	0.246227456754
0.0223764093669	0.246595509753
0.0224011894437	0.246595509753
0.0224259695205	0.246595509753
0.0224755296741	0.247699668752
0.022500309751	0.247699668752
0.0225250898278	0.247699668752
0.0225498699046	0.247699668752
0.0225746499814	0.247699668752
0.0225746499814	0.248067721752
0.0226489902119	0.248067721752
0.0226737702887	0.248067721752
0.0229215710569	0.251748251748
0.0230950315946	0.251748251748
0.0231198116714	0.251748251748
0.0231445917482	0.252116304748
0.0231693718251	0.252116304748
0.0231693718251	0.252852410747
0.0232437120555	0.252852410747
0.0232684921323	0.252852410747
0.0232932722091	0.252852410747
0.0235162929005	0.254324622746
0.0245074959732	0.264998159735
0.0245570561269	0.264998159735
0.0245818362037	0.264998159735
0.0251022178169	0.267206477733
0.0254491388923	0.267942583732
0.0255978193532	0.268678689731
0.0256225994301	0.269046742731
0.0256473795069	0.269046742731
0.0256721595837	0.269046742731
0.0256969396605	0.269414795731
0.0257960599678	0.270518954729
0.0258208400446	0.270518954729
0.0258456201214	0.272727272727
0.0266881427332	0.277511961722
0.0267624829637	0.277511961722
0.0268368231942	0.277511961722
0.026861603271	0.277880014722
0.0270350638087	0.278984173721
0.0270350638087	0.279352226721
0.0270350638087	0.27972027972
0.0270598438855	0.27972027972
0.0273076446537	0.281560544718
0.0274563251146	0.282296650718
0.0274563251146	0.282664703717
0.0274811051914	0.282664703717
0.0274811051914	0.283032756717
0.0275058852682	0.283032756717
0.0275306653451	0.283032756717
0.0275306653451	0.283400809717
0.0288687894932	0.301067353699
0.0288687894932	0.301435406699
0.0288935695701	0.301435406699
0.0289431297237	0.301435406699
0.0290174699542	0.302907618697
0.0296369718746	0.306220095694
0.0296617519514	0.306220095694
0.0296865320282	0.306220095694
0.0300830132573	0.311004784689
0.0301077933342	0.311004784689
0.030132573411	0.311004784689
0.0301821335646	0.311372837689
0.0301821335646	0.311740890688
0.0302564737951	0.311740890688
0.0302564737951	0.312108943688
0.0317184983273	0.317261685683
0.0319167389419	0.317261685683
0.0320901994796	0.317997791682
0.0321149795564	0.317997791682
0.0321645397101	0.317997791682
0.0321893197869	0.317997791682
0.0349894684674	0.332351858668
0.0351381489283	0.332719911667
0.0351629290051	0.332719911667
0.0351629290051	0.333456017667
0.0351629290051	0.334192123666
0.0352124891587	0.334192123666
0.0352868293892	0.334192123666
0.0353859496964	0.334192123666
0.0370957749969	0.344129554656
0.0371205550737	0.344129554656
0.0371453351505	0.344129554656
0.0371453351505	0.344497607656
0.037219675381	0.344497607656
0.038309998761	0.348178137652
0.0383347788378	0.348178137652
0.0383347788378	0.348546190651
0.0383843389915	0.348546190651
0.0384091190683	0.348546190651
0.0394251022178	0.352226720648
0.0395242225251	0.353330879647
0.0395985627555	0.353330879647
0.0396233428324	0.353698932646
0.039672902986	0.354435038646
0.0398463635237	0.354803091645
0.0398711436005	0.354803091645
0.039945483831	0.356275303644
0.0399950439846	0.356275303644
0.0400198240615	0.356275303644
0.0400693842151	0.356643356643
0.0406641060587	0.35958778064
0.0406888861355	0.35958778064
0.0406888861355	0.35995583364
0.0407136662124	0.35995583364
0.0407384462892	0.35995583364
0.040763226366	0.36032388664
0.040763226366	0.361059992639
0.0407880064428	0.361059992639
0.0408375665965	0.361428045639
0.0408871267501	0.362164151638
0.0409119068269	0.362164151638
0.0409119068269	0.362532204637
0.0409366869037	0.362532204637
0.0409614669805	0.362532204637
0.0409862470574	0.362532204637
0.041035807211	0.362532204637
0.0410853673646	0.362532204637
0.0412836079792	0.363268310637
0.0413827282865	0.363636363636
0.0413827282865	0.364004416636
0.0414322884401	0.364004416636
0.0414570685169	0.364004416636
0.0414570685169	0.364372469636
0.0418783298228	0.365108575635
0.0418783298228	0.365476628635
0.0419526700533	0.366212734634
0.0419774501301	0.366212734634
0.0419774501301	0.366580787633
0.0429934332796	0.373941847626
0.0430182133565	0.373941847626
0.0431668938174	0.373941847626
0.0431916738942	0.373941847626
0.043216453971	0.373941847626
0.0432412340478	0.373941847626
0.0432660141246	0.373941847626
0.0432660141246	0.374309900626
0.0433403543551	0.374309900626
0.043489034816	0.374309900626
0.0435138148928	0.374309900626
0.0436129352001	0.374309900626
0.0436129352001	0.375046006625
0.0436377152769	0.375046006625
0.0438359558915	0.375782112624
0.0438607359683	0.375782112624
0.0439350761987	0.375782112624
0.0439350761987	0.376518218623
0.0440094164292	0.376518218623
0.0441580968901	0.376518218623
0.0441828769669	0.376518218623
0.0441828769669	0.377254324623
0.0442076570437	0.377622377622
0.0442572171974	0.377622377622
0.0445050179656	0.377990430622
0.0445050179656	0.378726536621
0.0445297980424	0.378726536621
0.0446289183496	0.378726536621
0.0446536984265	0.378726536621
0.0447280386569	0.378726536621
0.0447528187337	0.378726536621
0.0447775988106	0.378726536621
0.044851939041	0.378726536621
0.0449262792715	0.378726536621
0.0461900631892	0.381302907619
0.0481476892578	0.387191755613
0.0487671911783	0.391976444608
0.0534010655433	0.418844313581
0.0534754057738	0.418844313581
0.0535001858506	0.418844313581
0.0535249659274	0.418844313581
0.0535497460042	0.418844313581
0.0536240862347	0.418844313581
0.0536488663115	0.418844313581
0.0536488663115	0.419212366581
0.0536736463883	0.41994847258
0.0536984264651	0.41994847258
0.0537727666956	0.42031652558
0.0537975467724	0.42031652558
0.0537975467724	0.420684578579
0.0540701276174	0.422156790578
0.054119687771	0.422156790578
0.0542435881551	0.422156790578
0.0543179283856	0.422156790578
0.0545905092306	0.423260949577
0.0546400693842	0.423260949577
0.054664849461	0.423629002576
0.0546896295379	0.423629002576
0.0547144096147	0.423629002576
0.0547391896915	0.423629002576
0.0547639697683	0.423997055576
0.0547639697683	0.424365108576
0.0547887498451	0.424365108576
0.0548135299219	0.424365108576
0.0548878701524	0.424365108576
0.054937430306	0.424365108576
0.0549622103829	0.424365108576
0.0559781935324	0.42951785057
0.056027753686	0.42951785057
0.0628174947342	0.456385719544
0.0630900755792	0.458225984542
0.0631644158097	0.458225984542
0.0633874365011	0.459330143541
0.0634369966547	0.459330143541
0.0634865568083	0.45969819654
0.0635113368851	0.45969819654
0.064353859497	0.461170408539
0.0688390534011	0.475524475524
0.0688638334779	0.476260581524
0.0688886135547	0.476260581524
0.0689133936315	0.476260581524
0.0689381737083	0.476260581524
0.0694337752447	0.476628634523
0.0695576756288	0.476628634523
0.0695824557056	0.476628634523
0.0697806963202	0.477364740523
0.069805476397	0.477364740523
0.0704249783174	0.478100846522
0.0704745384711	0.478100846522
0.0704993185479	0.478100846522
0.0705240986247	0.478100846522
0.0707223392393	0.478468899522
0.0708214595465	0.478468899522
0.0708462396233	0.478468899522
0.0803865691984	0.517850570482
0.0804609094288	0.517850570482
0.0804856895056	0.517850570482
0.0808078305043	0.518954729481
0.0808326105811	0.518954729481
0.0808573906579	0.518954729481
0.0808573906579	0.51969083548
0.0809565109652	0.51969083548
0.080981291042	0.51969083548
0.0810308511956	0.51969083548
0.0810556312725	0.52005888848
0.0810556312725	0.52042694148
0.0812043117334	0.52042694148
0.081253871887	0.52042694148
0.0813034320406	0.520794994479
0.0813777722711	0.520794994479
0.0814025523479	0.521163047479
0.0814025523479	0.522267206478
0.0814521125015	0.522267206478
0.0817246933465	0.522635259477
0.0818733738075	0.523739418476
0.0819229339611	0.523739418476
0.0819229339611	0.524107471476
0.0820963944988	0.526683842473
0.0820963944988	0.527051895473
0.0820963944988	0.527419948473
0.0821211745756	0.527419948473
0.0821459546525	0.527419948473
0.0821707347293	0.527419948473
0.0821955148061	0.527419948473
0.0822202948829	0.527419948473
0.0876719117829	0.55023923445
0.0877214719366	0.55023923445
0.0877462520134	0.55023923445
0.0877710320902	0.55023923445
0.087795812167	0.55023923445
0.0878453723207	0.55023923445
0.088340973857	0.550975340449
0.0883657539338	0.550975340449
0.0883657539338	0.551343393449
0.0883657539338	0.551711446448
0.0883657539338	0.552079499448
0.0884648742411	0.552447552448
0.0884896543179	0.552447552448
0.0885392144716	0.552447552448
0.0885639945484	0.552447552448
0.0885887746252	0.552447552448
0.0886878949325	0.552447552448
0.0888613554702	0.554655870445
0.088886135547	0.554655870445
0.0889109156238	0.554655870445
0.0889356957007	0.554655870445
0.0890595960847	0.555391976445
0.0890843761616	0.555760029444
0.0891091562384	0.555760029444
0.0891339363152	0.555760029444
0.0893073968529	0.555760029444
0.0893321769297	0.555760029444
0.0893569570066	0.555760029444
0.0894065171602	0.555760029444
0.0904968405402	0.557232241443
0.0904968405402	0.557600294442
0.0908189815388	0.557968347442
0.0908189815388	0.558336400442
0.0908437616157	0.558336400442
0.0909428819229	0.558336400442
0.0909676619998	0.558336400442
0.0909924420766	0.558336400442
0.0910172221534	0.558336400442
0.0922314459175	0.559440559441
0.0922562259943	0.559440559441
0.0922810060711	0.559440559441
0.0923057861479	0.559440559441
0.0923305662248	0.559440559441
0.0936439102961	0.561648877438
0.0937678106802	0.561648877438
0.093792590757	0.561648877438
0.0938421509107	0.562016930438
0.0939164911411	0.562384983438
0.0939412712179	0.562384983438
0.0940156114484	0.562753036437
0.0940156114484	0.563121089437
0.0940156114484	0.564225248436
0.0940156114484	0.564593301435
0.094065171602	0.564593301435
0.0941395118325	0.566433566434
0.0941642919093	0.566433566434
0.0941890719861	0.566433566434
0.0942138520629	0.566433566434
0.094337752447	0.567169672433
0.0943873126007	0.567169672433
0.0949572543675	0.568641884431
0.0951802750589	0.56974604343
0.0953785156734	0.571218255429
0.095428075827	0.571218255429
0.0954528559039	0.571218255429
0.0955519762111	0.571954361428
0.0955767562879	0.571954361428
0.0957502168257	0.571954361428
0.0957997769793	0.571954361428
0.0958245570561	0.571954361428
0.0964936191302	0.572690467427
0.0969892206666	0.575266838425
0.0969892206666	0.575634891424
0.0971626812043	0.575634891424
0.0972122413579	0.576002944424
0.0972122413579	0.576370997424
0.0972370214348	0.576370997424
0.0972618015116	0.576370997424
0.0972865815884	0.576370997424
0.0972865815884	0.576739050423
0.0974600421261	0.576739050423
0.0974848222029	0.576739050423
0.0974848222029	0.577107103423
0.0975096022798	0.577475156423
0.0975343823566	0.577475156423
0.0975591624334	0.577475156423
0.0975591624334	0.577843209422
0.0975591624334	0.578211262422
0.097608722587	0.578211262422
0.0976335026639	0.578211262422
0.0976830628175	0.578211262422
0.0977078428943	0.578211262422
0.0979556436625	0.578211262422
0.0979804237393	0.578211262422
0.0980052038161	0.578211262422
0.098029983893	0.578211262422
0.0981043241234	0.578947368421
0.0981291042002	0.578947368421
0.0994672283484	0.582259845418
0.099516788502	0.582259845418
0.0995663486557	0.582259845418
0.100210630653	0.582995951417
0.10023541073	0.582995951417
0.10023541073	0.583364004417
0.10030975096	0.583364004417
0.104844505018	0.591461170409
0.104844505018	0.591829223408
0.104869285095	0.591829223408
0.105017965556	0.592197276408
0.105042745633	0.592197276408
0.10521620617	0.592197276408
0.105265766324	0.592197276408
0.106133069013	0.596245859404
0.106256969397	0.596613912403
0.106281749473	0.596613912403
0.10630652955	0.596613912403
0.106331309627	0.596613912403
0.106356089704	0.596613912403
0.106380869781	0.596613912403
0.107099492008	0.598822230401
0.107272952546	0.5995583364
0.107297732623	0.5999263894
0.107347292777	0.5999263894
0.107372072853	0.5999263894
0.107669433775	0.6002944424
0.107694213852	0.6002944424
0.107718993929	0.6002944424
0.10786767439	0.601030548399
0.107892454467	0.601398601399
0.107917234543	0.601398601399
0.10794201462	0.601398601399
0.107966794697	0.601398601399
0.108016354851	0.601398601399
0.108065915004	0.601398601399
0.108065915004	0.601766654398
0.108115475158	0.602134707398
0.108165035312	0.602134707398
0.108189815388	0.602134707398
0.108214595465	0.602134707398
0.113418411597	0.612072138388
0.113418411597	0.612440191388
0.113492751828	0.612440191388
0.113517531904	0.612440191388
0.113542311981	0.612440191388
0.114310494363	0.615752668384
0.114360054516	0.616488774384
0.114384834593	0.616488774384
0.11440961467	0.616488774384
0.11440961467	0.616856827383
0.1144839549	0.616856827383
0.114508734977	0.616856827383
0.115004336513	0.619065145381
0.11502911659	0.61980125138
0.115053896667	0.61980125138
0.115549498203	0.622745675377
0.11557427828	0.622745675377
0.115599058357	0.623113728377
0.116515921199	0.624953993375
0.116540701276	0.625322046375
0.116540701276	0.625690099374
0.116714161814	0.625690099374
0.116738941891	0.625690099374
0.117085862966	0.625690099374
0.11713542312	0.625690099374
0.117160203197	0.625690099374
0.11720976335	0.626058152374
0.117358443811	0.626058152374
0.117507124272	0.626058152374
0.117531904349	0.626426205374
0.120009912031	0.633051159367
0.120034692108	0.633051159367
0.120059472184	0.633051159367
0.120084252261	0.633051159367
0.120109032338	0.633051159367
0.120133812415	0.633051159367
0.120257712799	0.633051159367
0.120282492876	0.633051159367
0.120332053029	0.633051159367
0.12040639326	0.633051159367
0.120505513567	0.633787265366
0.12095155495	0.634155318366
0.120976335027	0.634155318366
0.121248915872	0.634155318366
0.121273695948	0.634155318366
0.121298476025	0.634155318366
0.121348036179	0.634155318366
0.121769297485	0.635627530364
0.121794077562	0.635627530364
0.121794077562	0.635995583364
0.121843637715	0.636363636364
0.121868417792	0.636363636364
0.121893197869	0.636363636364
0.121917977946	0.636363636364
0.121992318176	0.636363636364
0.122017098253	0.636363636364
0.122017098253	0.636731689363
0.12204187833	0.636731689363
0.122066658407	0.636731689363
0.122140998637	0.636731689363
0.122165778714	0.636731689363
0.122165778714	0.637099742363
0.122314459175	0.637099742363
0.122339239252	0.637099742363
0.122364019328	0.637099742363
0.122388799405	0.637099742363
0.122611820097	0.638203901362
0.12266138025	0.638203901362
0.122686160327	0.638203901362
0.124866807087	0.642620537357
0.124866807087	0.642988590357
0.124891587164	0.642988590357
0.125709329699	0.644092749356
0.125833230083	0.644092749356
0.126824433156	0.644460802356
0.126873993309	0.644460802356
0.126898773386	0.644460802356
0.12694833354	0.644460802356
0.126997893693	0.644460802356
0.127270474538	0.644460802356
0.127344814769	0.644460802356
0.127468715153	0.644460802356
0.12749349523	0.646301067354
0.127518275307	0.646301067354
0.127543055383	0.646301067354
0.12756783546	0.646301067354
0.127592615537	0.646301067354
0.127617395614	0.646301067354
0.127666955768	0.646301067354
0.127691735844	0.646301067354
0.127716515921	0.646301067354
0.127766076075	0.646301067354
0.127815636228	0.646301067354
0.128385577995	0.648877438351
0.129525461529	0.651453809349
0.129575021683	0.651453809349
0.133366373436	0.665807876334
0.133391153513	0.665807876334
0.133391153513	0.666175929334
0.13349027382	0.666175929334
0.133837194895	0.668016194332
0.1345805972	0.669488406331
0.1345805972	0.66985645933
0.134605377277	0.66985645933
0.134630157353	0.66985645933
0.135076198736	0.671328671329
0.13512575889	0.671328671329
0.135175319043	0.671328671329
0.135299219428	0.671328671329
0.135373559658	0.671328671329
0.135398339735	0.671328671329
0.135423119812	0.671328671329
0.135447899888	0.671328671329
0.135497460042	0.671328671329
0.135571800273	0.671328671329
0.136463883038	0.673536989326
0.136563003345	0.673536989326
0.136860364267	0.673536989326
0.136934704498	0.674273095326
0.136959484574	0.674273095326
0.137009044728	0.674273095326
0.137009044728	0.674641148325
0.137157725189	0.675009201325
0.137182505266	0.675009201325
0.137207285343	0.675009201325
0.137405525957	0.675009201325
0.137430306034	0.675009201325
0.137554206418	0.675009201325
0.137603766572	0.675009201325
0.137876347417	0.675009201325
0.137901127493	0.675009201325
0.137975467724	0.675009201325
0.138074588031	0.675009201325
0.138099368108	0.675009201325
0.138124148185	0.675009201325
0.138545409491	0.675009201325
0.138570189568	0.675009201325
0.139288811795	0.677217519323
0.139288811795	0.677953625322
0.139412712179	0.678321678322
0.139437492256	0.678321678322
0.139462272333	0.678321678322
0.140156114484	0.682370261318
0.140180894561	0.682370261318
0.140205674638	0.682370261318
0.140280014868	0.682370261318
0.140379135175	0.682738314317
0.140874736712	0.683474420317
0.140899516789	0.683474420317
0.141271217941	0.684946632315
0.141320778094	0.684946632315
0.141345558171	0.684946632315
0.141543798786	0.684946632315
0.141593358939	0.684946632315
0.142138520629	0.687154950313
0.142188080783	0.687154950313
0.14221286086	0.687154950313
0.142336761244	0.687523003312
0.142386321398	0.687523003312
0.142386321398	0.687891056312
0.142411101474	0.687891056312
0.142411101474	0.688259109312
0.142535001859	0.688259109312
0.142559781935	0.688259109312
0.142733242473	0.688995215311
0.142782802627	0.688995215311
0.142807582704	0.688995215311
0.14283236278	0.688995215311
0.142881922934	0.688995215311
0.142881922934	0.68973132131
0.142906703011	0.68973132131
0.142931483088	0.68973132131
0.143055383472	0.68973132131
0.143055383472	0.69009937431
0.143055383472	0.69046742731
0.143104943625	0.69046742731
0.143129723702	0.69046742731
0.143204063933	0.69046742731
0.143228844009	0.69046742731
0.143253624086	0.69046742731
0.14330318424	0.69046742731
0.143327964317	0.69046742731
0.14337752447	0.69046742731
0.143451864701	0.69046742731
0.143476644778	0.69046742731
0.143526204931	0.69046742731
0.143600545162	0.69046742731
0.143650105315	0.69046742731
0.143650105315	0.691203533309
0.143724445546	0.691203533309
0.143749225623	0.691203533309
0.148804361294	0.698932646301
0.14882914137	0.698932646301
0.148853921447	0.698932646301
0.148878701524	0.698932646301
0.148903481601	0.698932646301
0.148928261678	0.698932646301
0.148953041754	0.698932646301
0.149002601908	0.698932646301
0.149027381985	0.698932646301
0.149052162062	0.698932646301
0.149200842523	0.7004048583
0.149399083137	0.7004048583
0.149944244827	0.701140964299
0.150092925288	0.701140964299
0.150117705365	0.701140964299
0.150142485442	0.701140964299
0.150340726056	0.701140964299
0.150786767439	0.701509017298
0.154801139884	0.707397865293
0.154850700037	0.707765918292
0.154875480114	0.707765918292
0.154875480114	0.708133971292
0.154900260191	0.708133971292
0.155172841036	0.709238130291
0.156139264032	0.711814501288
0.156164044109	0.712182554288
0.156238384339	0.712182554288
0.156312724569	0.712182554288
0.156337504646	0.712182554288
0.156411844877	0.712182554288
0.156411844877	0.712550607287
0.156436624954	0.712550607287
0.156486185107	0.712550607287
0.156486185107	0.712918660287
0.156510965184	0.712918660287
0.156535745261	0.712918660287
0.156560525338	0.712918660287
0.156857886259	0.712918660287
0.15693222649	0.713286713287
0.156957006567	0.713286713287
0.156981786644	0.713286713287
0.157056126874	0.713286713287
0.157056126874	0.714022819286
0.157056126874	0.714390872286
0.157080906951	0.714390872286
0.157155247181	0.714390872286
0.157427828026	0.714758925285
0.15755172841	0.715863084284
0.15755172841	0.716231137284
0.157576508487	0.716231137284
0.157576508487	0.716599190283
0.157601288564	0.716599190283
0.157601288564	0.717703349282
0.157650848718	0.717703349282
0.157650848718	0.718071402282
0.157700408871	0.718071402282
0.157700408871	0.718439455282
0.157923429563	0.719175561281
0.157948209639	0.71954361428
0.157972989716	0.71954361428
0.158171230331	0.71991166728
0.158270350638	0.71991166728
0.158270350638	0.72027972028
0.158319910792	0.72027972028
0.158344690869	0.72027972028
0.158394251022	0.72027972028
0.158443811176	0.72027972028
0.158741172098	0.72027972028
0.158765952174	0.72027972028
0.158815512328	0.72027972028
0.159063313096	0.720647773279
0.15911287325	0.720647773279
0.159261553711	0.721015826279
0.159286333788	0.721015826279
0.159335893941	0.721015826279
0.159385454095	0.721015826279
0.159410234172	0.721015826279
0.16463883038	0.730953257269
0.164688390534	0.730953257269
0.164688390534	0.731321310269
0.164713170611	0.731321310269
0.164787510841	0.731321310269
0.164812290918	0.731321310269
0.165134431917	0.731689363268
0.16518399207	0.732057416268
0.165580473299	0.732425469268
0.165605253376	0.732793522267
0.165605253376	0.733161575267
0.165630033453	0.733161575267
0.170462148433	0.747515642252
0.171478131582	0.748987854251
0.171502911659	0.749355907251
0.171577251889	0.749355907251
0.171577251889	0.74972396025
0.171577251889	0.75009201325
0.171924172965	0.751196172249
0.172122413579	0.751564225248
0.172122413579	0.752300331248
0.172147193656	0.752300331248
0.172147193656	0.752668384247
0.172171973733	0.752668384247
0.172246313964	0.752668384247
0.172295874117	0.752668384247
0.172320654194	0.752668384247
0.172345434271	0.752668384247
0.172494114732	0.753036437247
0.173782678726	0.753772543246
0.174278280263	0.755612808244
0.174303060339	0.755612808244
0.175120802874	0.755980861244
0.175145582951	0.755980861244
0.175195143105	0.755980861244
0.175219923182	0.755980861244
0.175244703259	0.755980861244
0.175269483335	0.755980861244
0.175418163796	0.755980861244
0.175641184488	0.755980861244
0.175715524718	0.755980861244
0.176037665717	0.755980861244
0.176062445794	0.756348914244
0.176434146946	0.757453073243
0.176458927023	0.757453073243
0.176483707099	0.757453073243
0.176508487176	0.757453073243
0.176533267253	0.758189179242
0.176582827407	0.758189179242
0.176607607484	0.758189179242
0.176657167637	0.758189179242
0.176731507868	0.758189179242
0.176781068021	0.758189179242
0.176830628175	0.758189179242
0.176855408252	0.758189179242
0.177152769174	0.758557232241
0.177673150787	0.758925285241
0.17772271094	0.758925285241
0.17772271094	0.759293338241
0.177772271094	0.759293338241
0.177797051171	0.759293338241
0.177821831248	0.75966139124
0.177896171478	0.75966139124
0.178069632016	0.76039749724
0.178243092554	0.760765550239
0.178317432784	0.761133603239
0.178342212861	0.761133603239
0.178391773014	0.761869709238
0.178763474167	0.761869709238
0.178788254244	0.761869709238
0.178837814397	0.761869709238
0.178887374551	0.761869709238
0.178912154628	0.761869709238
0.178936934704	0.762237762238
0.178961714781	0.762237762238
0.179011274935	0.762237762238
0.182852186842	0.767022451233
0.182876966919	0.767022451233
0.183546028993	0.767758557232
0.183546028993	0.768126610232
0.18357080907	0.768126610232
0.183595589146	0.768126610232
0.183620369223	0.768126610232
0.1836451493	0.768126610232
0.183669929377	0.768126610232
0.188576384587	0.774383511226
0.188601164664	0.774383511226
0.188650724817	0.774383511226
0.188675504894	0.774383511226
0.188799405278	0.774751564225
0.188948085739	0.775487670225
0.188972865816	0.775487670225
0.188997645893	0.775487670225
0.188997645893	0.775855723224
0.18902242597	0.775855723224
0.189047206046	0.775855723224
0.189071986123	0.775855723224
0.1890967662	0.776959882223
0.189121546277	0.776959882223
0.189295006815	0.777327935223
0.189443687275	0.777327935223
0.189468467352	0.777327935223
0.193581960104	0.785793154214
0.193606740181	0.785793154214
0.193656300335	0.785793154214
0.193681080411	0.785793154214
0.193755420642	0.785793154214
0.193854540949	0.785793154214
0.193904101103	0.785793154214
0.19392888118	0.786529260213
0.193953661256	0.786529260213
0.193978441333	0.786529260213
0.19400322141	0.786529260213
0.194028001487	0.786529260213
0.194201462025	0.786529260213
0.194251022178	0.786529260213
0.194275802255	0.786529260213
0.194275802255	0.786897313213
0.195415685789	0.787633419212
0.19571304671	0.787633419212
0.195886507248	0.788369525212
0.195985627555	0.788369525212
0.196010407632	0.788369525212
0.196059967786	0.788369525212
0.196059967786	0.788737578211
0.196084747863	0.788737578211
0.19618386817	0.788737578211
0.196282988477	0.789473684211
0.196307768554	0.789473684211
0.196506009169	0.790945896209
0.196530789245	0.791313949209
0.19665468963	0.791682002208
0.197422872011	0.792786161207
0.197447652088	0.792786161207
0.197472432165	0.792786161207
0.197497212241	0.792786161207
0.197546772395	0.792786161207
0.197571552472	0.792786161207
0.197596332549	0.792786161207
0.197621112625	0.792786161207
0.197670672779	0.792786161207
0.197670672779	0.793154214207
0.197695452856	0.793154214207
0.197720232933	0.793154214207
0.198042373931	0.793522267206
0.198091934085	0.793522267206
0.198116714162	0.793522267206
0.198141494239	0.793522267206
0.198537975468	0.793890320206
0.198562755545	0.793890320206
0.199603518771	0.795362532205
0.199628298848	0.795362532205
0.199653078925	0.795362532205
0.199677859001	0.795362532205
0.199727419155	0.795362532205
0.199752199232	0.795362532205
0.199801759385	0.795362532205
0.199826539462	0.795362532205
0.200173460538	0.795362532205
0.200198240615	0.795362532205
0.205055135671	0.806404122194
0.205179036055	0.806404122194
0.205228596209	0.806404122194
0.205327716516	0.806772175193
0.20537727667	0.806772175193
0.205402056746	0.806772175193
0.205426836823	0.806772175193
0.2054516169	0.806772175193
0.2054516169	0.807140228193
0.205476396977	0.807140228193
0.205501177054	0.807140228193
0.205724197745	0.807508281192
0.205724197745	0.807876334192
0.205748977822	0.807876334192
0.205773757899	0.807876334192
0.205798537975	0.807876334192
0.205848098129	0.807876334192
0.205872878206	0.807876334192
0.206120678974	0.808244387192
0.20654194028	0.80971659919
0.206566720357	0.80971659919
0.20661628051	0.80971659919
0.206665840664	0.80971659919
0.206938421509	0.810820758189
0.206938421509	0.811188811189
0.206963201586	0.811188811189
0.207136662124	0.811188811189
0.207235782431	0.812292970188
0.207285342585	0.812661023187
0.207285342585	0.813029076187
0.207310122661	0.813029076187
0.207334902738	0.813029076187
0.207334902738	0.813397129187
0.207359682815	0.813397129187
0.207731383967	0.813765182186
0.207830504275	0.813765182186
0.207904844505	0.813765182186
0.208003964812	0.813765182186
0.208202205427	0.813765182186
0.208474786272	0.814133235186
0.208524346425	0.814133235186
0.208549126502	0.814133235186
0.208573906579	0.814133235186
0.208598686656	0.814133235186
0.208623466733	0.814133235186
0.20864824681	0.814133235186
0.208673026886	0.814133235186
0.20872258704	0.814501288185
0.208747367117	0.814501288185
0.209936810804	0.816341553184
0.209936810804	0.816709606183
0.209961590881	0.816709606183
0.210035931111	0.816709606183
0.210060711188	0.816709606183
0.210060711188	0.817077659183
0.210655433032	0.817445712183
0.210729773262	0.817445712183
0.210779333416	0.817445712183
0.210779333416	0.817813765182
0.210804113493	0.817813765182
0.21082889357	0.817813765182
0.211076694338	0.817813765182
0.211175814645	0.818181818182
0.211299715029	0.818181818182
0.21144839549	0.818181818182
0.211473175567	0.818181818182
0.211473175567	0.818549871181
0.211473175567	0.818917924181
0.211497955644	0.818917924181
0.21152273572	0.818917924181
0.211597075951	0.818917924181
0.211621856028	0.818917924181
0.211646636105	0.818917924181
0.211844876719	0.818917924181
0.211869656796	0.818917924181
0.211943997026	0.819285977181
0.211968777103	0.820758189179
0.21199355718	0.820758189179
0.212513938793	0.820758189179
0.212563498947	0.820758189179
0.212588279024	0.820758189179
0.212637839177	0.820758189179
0.212662619254	0.820758189179
0.212687399331	0.820758189179
0.212811299715	0.821126242179
0.212836079792	0.821494295179
0.212860859869	0.821494295179
0.212885639945	0.821494295179
0.212984760253	0.821494295179
0.213034320406	0.821494295179
0.213059100483	0.821494295179
0.21315822079	0.821494295179
0.213183000867	0.821494295179
0.213430801635	0.821494295179
0.213430801635	0.821862348178
0.213926403172	0.821862348178
0.213951183249	0.821862348178
0.213975963325	0.821862348178
0.214000743402	0.821862348178
0.214025523479	0.821862348178
0.21409986371	0.821862348178
0.214149423863	0.821862348178
0.21417420394	0.821862348178
0.214198984017	0.821862348178
0.214223764094	0.821862348178
0.21424854417	0.821862348178
0.214273324247	0.821862348178
0.214298104324	0.821862348178
0.214322884401	0.821862348178
0.214347664478	0.821862348178
0.214372444555	0.821862348178
0.214397224631	0.821862348178
0.214496344939	0.821862348178
0.214595465246	0.821862348178
0.2146450254	0.821862348178
0.214694585553	0.821862348178
0.214868046091	0.821862348178
0.214917606245	0.821862348178
0.214942386321	0.821862348178
0.214967166398	0.821862348178
0.215041506629	0.821862348178
0.215066286705	0.821862348178
0.215091066782	0.821862348178
0.215115846859	0.821862348178
0.215140626936	0.821862348178
0.215165407013	0.821862348178
0.21519018709	0.821862348178
0.215214967166	0.821862348178
0.21533886755	0.821862348178
0.215413207781	0.821862348178
0.215437987858	0.821862348178
0.215437987858	0.822230401178
0.215462767935	0.822230401178
0.215487548011	0.822230401178
0.215561888242	0.822598454177
0.215586668319	0.822598454177
0.215611448395	0.822598454177
0.215636228472	0.822598454177
0.215661008549	0.822598454177
0.215710568703	0.822598454177
0.215710568703	0.822966507177
0.21573534878	0.822966507177
0.215760128856	0.822966507177
0.216007929625	0.822966507177
0.216032709701	0.822966507177
0.216057489778	0.822966507177
0.216107049932	0.822966507177
0.216107049932	0.823334560177
0.216131830009	0.823334560177
0.216156610085	0.823702613176
0.216181390162	0.823702613176
0.216206170239	0.823702613176
0.216230950316	0.823702613176
0.216553091315	0.823702613176
0.216577871391	0.823702613176
0.216627431545	0.823702613176
0.216676991699	0.823702613176
0.216701771775	0.823702613176
0.216701771775	0.824070666176
0.216776112006	0.824070666176
0.216800892083	0.824070666176
0.21682567216	0.824070666176
0.216850452236	0.824070666176
0.216875232313	0.824070666176
0.216949572544	0.824070666176
0.216999132697	0.824070666176
0.217048692851	0.824070666176
0.217073472928	0.824806772175
0.217172593235	0.824806772175
0.217197373312	0.824806772175
0.217222153389	0.824806772175
0.217246933465	0.824806772175
0.217569074464	0.825910931174
0.217742535002	0.825910931174
0.217792095155	0.826278984174
0.217816875232	0.826278984174
0.217841655309	0.826278984174
0.217866435386	0.826278984174
0.21791599554	0.826278984174
0.217940775616	0.826278984174
0.217965555693	0.826278984174
0.218163796308	0.826278984174
0.218188576385	0.826278984174
0.218238136538	0.826278984174
0.218287696692	0.826278984174
0.21860983769	0.826647037173
0.218634617767	0.826647037173
0.218659397844	0.826647037173
0.218659397844	0.827015090173
0.218708957998	0.827015090173
0.218733738075	0.827015090173
0.218758518151	0.827015090173
0.218808078305	0.827015090173
0.218931978689	0.827015090173
0.219031098996	0.827015090173
0.219055879073	0.827015090173
0.219105439227	0.827015090173
0.219130219304	0.827015090173
0.21915499938	0.827015090173
0.222054268368	0.831431726169
0.222103828522	0.831431726169
0.222103828522	0.831799779168
0.222128608599	0.831799779168
0.222227728906	0.831799779168
0.22227728906	0.831799779168
0.224284475282	0.833271991167
0.224284475282	0.833640044166
0.224309255359	0.833640044166
0.226019080659	0.834376150166
0.226068640813	0.834376150166
0.22609342089	0.834376150166
0.22889356957	0.835848362164
0.228943129724	0.835848362164
0.228967909801	0.835848362164
0.229017469954	0.835848362164
0.229116590261	0.835848362164
0.229116590261	0.836216415164
0.229141370338	0.836216415164
0.229166150415	0.836216415164
0.229190930492	0.836216415164
0.229215710569	0.836216415164
0.229736092182	0.836584468163
0.229835212489	0.836584468163
0.229859992566	0.836584468163
0.229884772643	0.836584468163
0.22990955272	0.836584468163
0.229934332796	0.836584468163
0.229959112873	0.836584468163
0.229959112873	0.836952521163
0.22998389295	0.836952521163
0.230008673027	0.836952521163
0.230033453104	0.836952521163
0.230058233181	0.836952521163
0.230132573411	0.836952521163
0.230752075331	0.836952521163
0.230776855408	0.836952521163
0.230925535869	0.836952521163
0.2309998761	0.836952521163
0.231024656176	0.836952521163
0.231173336637	0.836952521163
0.231198116714	0.836952521163
0.231222896791	0.836952521163
0.231247676868	0.836952521163
0.231297237021	0.836952521163
0.231421137406	0.837320574163
0.231445917482	0.837320574163
0.231445917482	0.837688627162
0.231470697559	0.837688627162
0.231495477636	0.837688627162
0.231520257713	0.837688627162
0.23154503779	0.837688627162
0.23161937802	0.837688627162
0.231644158097	0.837688627162
0.231693718251	0.837688627162
0.231693718251	0.838056680162
0.231718498327	0.838056680162
0.231743278404	0.838056680162
0.231768058481	0.838056680162
0.231867178788	0.838424733162
0.231891958865	0.838424733162
0.231916738942	0.838424733162
0.231966299096	0.838424733162
0.231991079172	0.838424733162
0.232015859249	0.838424733162
0.23209019948	0.838424733162
0.232114979556	0.838424733162
0.23216453971	0.838424733162
0.232189319787	0.838424733162
0.232189319787	0.838792786161
0.232263660017	0.838792786161
0.232288440094	0.838792786161
0.232338000248	0.838792786161
0.232362780325	0.838792786161
0.232387560401	0.838792786161
0.232412340478	0.839160839161
0.232437120555	0.839160839161
0.232437120555	0.83952889216
0.232536240862	0.83952889216
0.232561020939	0.83952889216
0.232585801016	0.83952889216
0.232660141246	0.83952889216
0.232684921323	0.83952889216
0.232734481477	0.83952889216
0.232883161938	0.83952889216
0.232883161938	0.83989694516
0.233750464626	0.840633051159
0.233775244703	0.840633051159
0.233899145087	0.840633051159
0.233899145087	0.841001104159
0.233923925164	0.841001104159
0.235856771156	0.843577475156
0.23590633131	0.843577475156
0.235931111386	0.843945528156
0.235955891463	0.843945528156
0.236005451617	0.843945528156
0.236104571924	0.843945528156
0.236228472308	0.843945528156
0.236253252385	0.843945528156
0.236278032462	0.843945528156
0.236748853921	0.844313581156
0.237888737455	0.846889952153
0.237913517532	0.846889952153
0.237938297609	0.846889952153
0.238904720605	0.847258005153
0.238929500681	0.847258005153
0.239127741296	0.847626058152
0.239152521373	0.847626058152
0.239276421757	0.847994111152
0.239747243216	0.847994111152
0.239846363524	0.847994111152
0.239871143601	0.847994111152
0.239945483831	0.847994111152
0.239970263908	0.847994111152
0.240416305291	0.847994111152
0.240490645521	0.847994111152
0.240713666212	0.847994111152
0.242027010284	0.847994111152
0.242051790361	0.847994111152
0.242076570437	0.847994111152
0.242101350514	0.847994111152
0.242101350514	0.848362164152
0.242274811052	0.848362164152
0.242299591129	0.848362164152
0.242324371206	0.848362164152
0.242349151282	0.848362164152
0.242373931359	0.848362164152
0.242473051666	0.848362164152
0.270623218932	0.85977180714
0.270697559162	0.85977180714
0.271812662619	0.86013986014
0.271837442696	0.86013986014
0.271862222773	0.86013986014
0.271911782927	0.86013986014
0.272407384463	0.860507913139
0.27243216454	0.860507913139
0.27250650477	0.860507913139
0.273448147689	0.861980125138
0.273472927766	0.861980125138
0.273497707843	0.861980125138
0.273497707843	0.862348178138
0.273497707843	0.862716231137
0.27352248792	0.862716231137
0.273547267997	0.862716231137
0.273621608227	0.862716231137
0.273745508611	0.862716231137
0.274265890224	0.863820390136
0.274290670301	0.863820390136
0.274563251146	0.863820390136
0.275331433527	0.864188443136
0.275356213604	0.864188443136
0.275380993681	0.864188443136
0.308710197002	0.875230033125
0.308734977078	0.875230033125
0.308759757155	0.875230033125
0.308809317309	0.875230033125
0.309304918845	0.875598086124
0.309329698922	0.875598086124
0.309354478999	0.875598086124
0.309379259076	0.875598086124
0.309404039153	0.875598086124
0.309874860612	0.875966139124
0.309899640689	0.875966139124
0.309924420766	0.875966139124
0.309949200843	0.875966139124
0.31004832115	0.875966139124
0.310073101227	0.875966139124
0.310097881303	0.875966139124
0.31012266138	0.875966139124
0.310147441457	0.875966139124
0.310172221534	0.875966139124
0.310197001611	0.875966139124
0.310221781688	0.875966139124
0.310271341841	0.875966139124
0.310296121918	0.875966139124
0.310320901995	0.875966139124
0.310345682072	0.875966139124
0.310395242225	0.875966139124
0.310519142609	0.875966139124
0.310543922686	0.875966139124
0.31059348284	0.875966139124
0.311436005452	0.876334192124
0.311460785528	0.876334192124
0.311485565605	0.876334192124
0.31175814645	0.876334192124
0.313666212365	0.88001472212
0.313690992442	0.88001472212
0.342510221782	0.893264630107
0.342535001859	0.893264630107
0.342609342089	0.893264630107
0.342634122166	0.893264630107
0.36947094536	0.910931174089
0.369495725437	0.910931174089
0.369619625821	0.910931174089
0.369644405898	0.910931174089
0.369991326973	0.910931174089
0.37001610705	0.910931174089
0.370040887127	0.910931174089
0.370065667204	0.910931174089
0.37009044728	0.910931174089
0.370164787511	0.910931174089
0.370189567588	0.910931174089
0.370214347664	0.910931174089
0.370288687895	0.910931174089
0.370288687895	0.911299227089
0.370313467972	0.911299227089
0.370338248049	0.911299227089
0.370363028125	0.911299227089
0.370387808202	0.911299227089
0.370437368356	0.911299227089
0.370462148433	0.911299227089
0.370486928509	0.911299227089
0.370511708586	0.911299227089
0.370586048817	0.911299227089
0.37063560897	0.912035333088
0.370660389047	0.912035333088
0.370709949201	0.912035333088
0.377598810556	0.914979757085
0.377623590633	0.914979757085
0.37764837071	0.914979757085
0.377673150787	0.914979757085
0.37772271094	0.914979757085
0.377747491017	0.914979757085
0.378119192169	0.915347810085
0.384388551605	0.916451969084
0.384413331681	0.916451969084
0.384438111758	0.916451969084
0.384462891835	0.916451969084
0.384487671912	0.916451969084
0.384512451989	0.916451969084
0.384537232065	0.916451969084
0.384685912526	0.916451969084
0.38473547268	0.916451969084
0.384785032834	0.916820022083
0.38480981291	0.916820022083
0.384834592987	0.916820022083
0.384884153141	0.916820022083
0.384908933218	0.916820022083
0.384933713295	0.916820022083
0.385032833602	0.916820022083
0.385057613679	0.916820022083
0.385082393755	0.916820022083
0.385107173832	0.916820022083
0.385131953909	0.916820022083
0.385379754677	0.916820022083
0.385404534754	0.916820022083
0.385429314831	0.916820022083
0.386569198365	0.917188075083
0.386668318672	0.917188075083
0.386693098749	0.917188075083
0.386866559286	0.917188075083
0.387263040515	0.917188075083
0.387287820592	0.917188075083
0.387312600669	0.917188075083
0.387560401437	0.917188075083
0.387733861975	0.917188075083
0.387832982282	0.917188075083
0.388452484203	0.917924181082
0.38847726428	0.917924181082
0.388502044356	0.917924181082
0.388526824433	0.917924181082
0.38855160451	0.917924181082
0.388576384587	0.917924181082
0.38862594474	0.917924181082
0.388650724817	0.917924181082
0.388824185355	0.917924181082
0.388848965432	0.917924181082
0.388923305662	0.918660287081
0.389047206046	0.918660287081
0.389071986123	0.918660287081
0.38917110643	0.918660287081
0.389195886507	0.918660287081
0.389220666584	0.918660287081
0.389245446661	0.918660287081
0.389270226738	0.918660287081
0.389295006815	0.918660287081
0.389319786891	0.918660287081
0.389344566968	0.918660287081
0.389369347045	0.918660287081
0.389394127122	0.918660287081
0.389418907199	0.918660287081
0.389741048197	0.918660287081
0.389815388428	0.918660287081
0.389939288812	0.918660287081
0.389939288812	0.919028340081
0.389964068889	0.919028340081
0.389988848965	0.919028340081
0.390434890348	0.919396393081
0.39789369347	0.925285241075
0.397918473547	0.925285241075
0.397943253624	0.925285241075
0.398116714162	0.925285241075
0.398166274315	0.925285241075
0.398191054392	0.925285241075
0.398215834469	0.925285241075
0.398810556313	0.925285241075
0.39883533639	0.925285241075
0.398884896543	0.925285241075
0.39890967662	0.925285241075
0.398934456697	0.925285241075
0.399008796927	0.925285241075
0.399033577004	0.925285241075
0.399083137158	0.925285241075
0.399107917235	0.925285241075
0.399157477388	0.925285241075
0.399182257465	0.925285241075
0.399256597695	0.925285241075
0.399677859001	0.925653294074
0.399752199232	0.925653294074
0.399801759385	0.925653294074
0.399826539462	0.925653294074
0.399851319539	0.925653294074
0.399876099616	0.925653294074
0.399900879693	0.925653294074
0.39992565977	0.925653294074
0.4	0.925653294074
0.400446041383	0.925653294074
0.40047082146	0.925653294074
0.400569941767	0.925653294074
0.400594721844	0.925653294074
0.400693842151	0.926021347074
0.400718622228	0.926021347074
0.400792962458	0.926021347074
0.400916862842	0.926021347074
0.400941642919	0.926021347074
0.402056746376	0.926021347074
0.402081526453	0.926389400074
0.40210630653	0.926389400074
0.402502787759	0.926389400074
0.402552347912	0.926389400074
0.402577127989	0.926389400074
0.402601908066	0.926389400074
0.402701028373	0.926389400074
0.402750588527	0.926389400074
0.402775368604	0.926389400074
0.402849708834	0.926389400074
0.402874488911	0.926389400074
0.402924049065	0.926389400074
0.402948829141	0.926389400074
0.402973609218	0.926389400074
0.402998389295	0.926389400074
0.403469210755	0.926757453073
0.403493990831	0.926757453073
0.403568331062	0.926757453073
0.403617891215	0.926757453073
0.403717011523	0.927493559073
0.4037417916	0.927493559073
0.40389047206	0.927861612072
0.403915252137	0.928229665072
0.404014372445	0.928229665072
0.404014372445	0.928597718071
0.404039152521	0.928597718071
0.404138272829	0.928597718071
0.404187832982	0.928597718071
0.40428695329	0.929333824071
0.404336513443	0.929333824071
0.404386073597	0.929333824071
0.404633874365	0.929333824071
0.404683434519	0.929333824071
0.40483211498	0.929333824071
0.404856895056	0.929333824071
0.405079915748	0.929333824071
0.405129475901	0.929333824071
0.405352496593	0.929333824071
0.405402056746	0.929333824071
0.405426836823	0.929333824071
0.405426836823	0.92970187707
0.405476396977	0.92970187707
0.405600297361	0.92970187707
0.405897658283	0.92970187707
0.40592243836	0.92970187707
0.40599677859	0.92970187707
0.406120678974	0.92970187707
0.406145459051	0.92970187707
0.406368479742	0.93006993007
0.406517160203	0.93006993007
0.406591500434	0.93006993007
0.40661628051	0.93006993007
0.406641060587	0.93006993007
0.406665840664	0.93006993007
0.406690620741	0.93006993007
0.406715400818	0.93006993007
0.406740180895	0.93006993007
0.406764960971	0.93006993007
0.406789741048	0.93006993007
0.406864081279	0.93006993007
0.406888861355	0.93006993007
0.406913641432	0.93006993007
0.406963201586	0.93006993007
0.407186222277	0.93006993007
0.407211002354	0.93043798307
0.407285342585	0.93043798307
0.407310122661	0.93043798307
0.40825176558	0.93043798307
0.408276545657	0.93043798307
0.408326105811	0.93043798307
0.408350885888	0.93043798307
0.408499566349	0.93043798307
0.408524346425	0.93043798307
0.408549126502	0.93043798307
0.408573906579	0.93043798307
0.408697806963	0.931174089069
0.40872258704	0.931174089069
0.408821707347	0.931174089069
0.408871267501	0.931174089069
0.408920827655	0.931174089069
0.409242968653	0.931174089069
0.410605872878	0.931174089069
0.410655433032	0.931174089069
0.410680213109	0.931174089069
0.410729773262	0.931174089069
0.410754553339	0.931174089069
0.410804113493	0.931174089069
0.41082889357	0.931174089069
0.410853673646	0.931174089069
0.410878453723	0.931174089069
0.412290918102	0.931542142068
0.41246437864	0.931542142068
0.412513938793	0.931542142068
0.41253871887	0.931542142068
0.412637839177	0.931542142068
0.412687399331	0.931542142068
0.412712179408	0.931542142068
0.412761739561	0.931542142068
0.412761739561	0.931910195068
0.412786519638	0.931910195068
0.412811299715	0.931910195068
0.412836079792	0.931910195068
0.412885639945	0.931910195068
0.412910420022	0.931910195068
0.412984760253	0.931910195068
0.413034320406	0.932278248068
0.413133440714	0.932278248068
0.41315822079	0.932278248068
0.413207780944	0.932278248068
0.413257341098	0.932278248068
0.413282121175	0.932278248068
0.413331681328	0.932278248068
0.413579482096	0.932278248068
0.41362904225	0.932646301067
0.413678602404	0.932646301067
0.413728162557	0.932646301067
0.413752942634	0.932646301067
0.413777722711	0.932646301067
0.413802502788	0.932646301067
0.414050303556	0.932646301067
0.41409986371	0.932646301067
0.414124643786	0.932646301067
0.414223764094	0.932646301067
0.41424854417	0.932646301067
0.414273324247	0.932646301067
0.414298104324	0.932646301067
0.414446784785	0.932646301067
0.414496344939	0.932646301067
0.414521125015	0.932646301067
0.414545905092	0.932646301067
0.414595465246	0.932646301067
0.4146450254	0.932646301067
0.4146450254	0.933014354067
0.414744145707	0.933014354067
0.41479370586	0.933014354067
0.414818485937	0.933014354067
0.414917606245	0.933014354067
0.415016726552	0.933382407067
0.415091066782	0.933382407067
0.415115846859	0.933382407067
0.415140626936	0.933382407067
0.415165407013	0.933382407067
0.415239747243	0.933382407067
0.41533886755	0.933382407067
0.415437987858	0.933382407067
0.415487548011	0.933382407067
0.415512328088	0.933382407067
0.415958369471	0.933382407067
0.415983149548	0.933382407067
0.416007929625	0.933382407067
0.416107049932	0.933382407067
0.416131830009	0.933382407067
0.416156610085	0.933382407067
0.416181390162	0.933382407067
0.416206170239	0.933382407067
0.416230950316	0.933382407067
0.416255730393	0.933382407067
0.4163548507	0.933382407067
0.416404410854	0.933382407067
0.416453971007	0.933382407067
0.416478751084	0.933382407067
0.416503531161	0.933382407067
0.416577871391	0.933382407067
0.41682567216	0.933382407067
0.41690001239	0.933382407067
0.416924792467	0.933382407067
0.416949572544	0.933382407067
0.416999132697	0.933382407067
0.417023912774	0.933382407067
0.417246933465	0.933382407067
0.417296493619	0.933382407067
0.417321273696	0.933382407067
0.417346053773	0.933382407067
0.41737083385	0.933382407067
0.417569074464	0.933382407067
0.417593854541	0.933382407067
0.417618634618	0.933750460066
0.417643414695	0.933750460066
0.417792095155	0.933750460066
0.417841655309	0.933750460066
0.41908065915	0.933750460066
0.419105439227	0.933750460066
0.419130219304	0.933750460066
0.41915499938	0.933750460066
0.419204559534	0.933750460066
0.419254119688	0.933750460066
0.419278899765	0.933750460066
0.419303679841	0.933750460066
0.419427580225	0.933750460066
0.419477140379	0.933750460066
0.419501920456	0.933750460066
0.419601040763	0.933750460066
0.41962582084	0.933750460066
0.419650600917	0.933750460066
0.419675380994	0.933750460066
0.41970016107	0.933750460066
0.420071862223	0.933750460066
0.420270102837	0.933750460066
0.420319662991	0.933750460066
0.420344443068	0.933750460066
0.420394003221	0.933750460066
0.420468343452	0.933750460066
0.420493123529	0.933750460066
0.420542683682	0.933750460066
0.420542683682	0.934118513066
0.42064180399	0.934118513066
0.420666584066	0.934118513066
0.420765704374	0.934118513066
0.420765704374	0.934486566066
0.420815264527	0.934486566066
0.420914384835	0.934486566066
0.420963944988	0.934486566066
0.420988725065	0.934486566066
0.421013505142	0.934486566066
0.421038285219	0.934854619065
0.421038285219	0.935222672065
0.421063065296	0.935222672065
0.421112625449	0.935222672065
0.42118696568	0.935222672065
0.421211745756	0.935222672065
0.42126130591	0.935222672065
0.421286085987	0.935222672065
0.421310866064	0.935222672065
0.421335646141	0.935222672065
0.421360426217	0.935222672065
0.421434766448	0.935222672065
0.421509106678	0.935222672065
0.421558666832	0.935222672065
0.4218064676	0.935590725064
0.421880807831	0.935590725064
0.421930367984	0.935590725064
0.421955148061	0.935590725064
0.421955148061	0.935958778064
0.422004708215	0.935958778064
0.422029488291	0.935958778064
0.422054268368	0.935958778064
0.422302069136	0.935958778064
0.422376409367	0.936326831064
0.422401189444	0.936326831064
0.422450749597	0.936326831064
0.422475529674	0.936326831064
0.422599430058	0.936326831064
0.422624210135	0.936326831064
0.422748110519	0.936326831064
0.422772890596	0.936326831064
0.422797670673	0.936326831064
0.422946351134	0.936326831064
0.422995911287	0.936326831064
0.423045471441	0.936326831064
0.423070251518	0.936326831064
0.423095031595	0.936326831064
0.423119811671	0.936326831064
0.423194151902	0.936694884063
0.423218931979	0.936694884063
0.423268492132	0.936694884063
0.423293272209	0.936694884063
0.423565853054	0.936694884063
0.423615413208	0.936694884063
0.423640193285	0.936694884063
0.423838433899	0.936694884063
0.423838433899	0.937062937063
0.423838433899	0.937430990063
0.423863213976	0.937430990063
0.424036674514	0.937799043062
0.424086234667	0.937799043062
0.424111014744	0.937799043062
0.424234915128	0.937799043062
0.424259695205	0.937799043062
0.424284475282	0.937799043062
0.424309255359	0.937799043062
0.424408375666	0.937799043062
0.424433155743	0.937799043062
0.425201338124	0.937799043062
0.425226118201	0.937799043062
0.425300458431	0.937799043062
0.425325238508	0.937799043062
0.425350018585	0.937799043062
0.425399578739	0.937799043062
0.426688142733	0.937799043062
0.426762482964	0.937799043062
0.426812043117	0.938167096062
0.426861603271	0.938167096062
0.426886383348	0.938167096062
0.426935943501	0.938167096062
0.426960723578	0.938167096062
0.426985503655	0.938167096062
0.427010283732	0.938167096062
0.427035063809	0.938167096062
0.427109404039	0.938167096062
0.427134184116	0.938167096062
0.427357204807	0.938167096062
0.427381984884	0.938167096062
0.427406764961	0.938167096062
0.427431545038	0.938167096062
0.427555445422	0.938167096062
0.427580225499	0.938167096062
0.427605005576	0.938167096062
0.427629785652	0.938167096062
0.427654565729	0.938167096062
0.427679345806	0.938167096062
0.42772890596	0.938903202061
0.427753686036	0.938903202061
0.427778466113	0.938903202061
0.427852806344	0.938903202061
0.427951926651	0.938903202061
0.428001486805	0.938903202061
0.428125387189	0.938903202061
0.428150167266	0.938903202061
0.428199727419	0.939271255061
0.428472308264	0.939271255061
0.428571428571	0.939271255061
0.428620988725	0.939271255061
0.428720109032	0.939271255061
0.429240490646	0.94000736106
0.429339610953	0.94000736106
0.42936439103	0.94000736106
0.429389171106	0.94000736106
0.429413951183	0.94000736106
0.429488291414	0.94000736106
0.429661751951	0.94000736106
0.429686532028	0.94000736106
0.429711312105	0.94000736106
0.429785652336	0.94000736106
0.429810432412	0.94000736106
0.429835212489	0.94000736106
0.429859992566	0.94000736106
0.429959112873	0.94000736106
0.430206913641	0.94000736106
0.430231693718	0.94037541406
0.430256473795	0.94037541406
0.430306033949	0.94037541406
0.430355594102	0.94037541406
0.430950315946	0.94037541406
0.4309998761	0.94037541406
0.431198116714	0.94037541406
0.431247676868	0.94037541406
0.431322017098	0.94037541406
0.431396357329	0.94037541406
0.431421137406	0.94037541406
0.431792838558	0.94037541406
0.43209019948	0.94037541406
0.432114979556	0.94037541406
0.432412340478	0.940743467059
0.432561020939	0.940743467059
0.432585801016	0.941111520059
0.432585801016	0.941479573059
0.432610581093	0.941479573059
0.432734481477	0.941479573059
0.432759261554	0.941479573059
0.432784041631	0.941479573059
0.432883161938	0.942951785057
0.432907942015	0.942951785057
0.432932722091	0.942951785057
0.43318052286	0.942951785057
0.434146945856	0.942951785057
0.434171725932	0.942951785057
0.434196506009	0.942951785057
0.434667327469	0.943319838057
0.434692107546	0.943319838057
0.434692107546	0.943687891056
0.434741667699	0.943687891056
0.434766447776	0.943687891056
0.434791227853	0.943687891056
0.43481600793	0.943687891056
0.435088588775	0.943687891056
0.435138148928	0.943687891056
0.435162929005	0.943687891056
0.435212489159	0.943687891056
0.435237269236	0.943687891056
0.435237269236	0.944055944056
0.435336389543	0.944055944056
0.43536116962	0.944055944056
0.435385949696	0.944055944056
0.435385949696	0.944423997056
0.435410729773	0.944423997056
0.435683310618	0.944423997056
0.435708090695	0.944423997056
0.436600173461	0.944423997056
0.436699293768	0.944423997056
0.436748853921	0.944423997056
0.436823194152	0.944423997056
0.436897534382	0.944423997056
0.436947094536	0.944423997056
0.437021434766	0.944423997056
0.437194895304	0.944423997056
0.437368355842	0.944423997056
0.437393135919	0.944423997056
0.437417915996	0.944423997056
0.437442696072	0.944423997056
0.437566596456	0.944423997056
0.43761615661	0.944423997056
0.437665716764	0.944423997056
0.437690496841	0.944423997056
0.437740056994	0.944423997056
0.437789617148	0.944423997056
0.437814397225	0.944423997056
0.437987857762	0.944423997056
0.438012637839	0.944423997056
0.438037417916	0.944423997056
0.438062197993	0.944423997056
0.43808697807	0.944423997056
0.438111758146	0.944423997056
0.438136538223	0.944423997056
0.4381613183	0.944423997056
0.438210878454	0.944423997056
0.438235658531	0.944423997056
0.438260438607	0.944423997056
0.438285218684	0.944423997056
0.438309998761	0.944423997056
0.438458679222	0.944423997056
0.438458679222	0.944792050055
0.441035807211	0.945896209054
0.441060587288	0.945896209054
0.441110147441	0.945896209054
0.441134927518	0.945896209054
0.441159707595	0.945896209054
0.441184487672	0.945896209054
0.441234047826	0.945896209054
0.443489034816	0.946632315053
0.443588155123	0.946632315053
0.4436129352	0.946632315053
0.444182876967	0.946632315053
0.444207657044	0.946632315053
0.444232437121	0.946632315053
0.444232437121	0.947000368053
0.444281997274	0.947000368053
0.444529798042	0.947000368053
0.444579358196	0.947000368053
0.444678478503	0.947000368053
0.444802378887	0.947000368053
0.444951059348	0.947000368053
0.444975839425	0.947000368053
0.445000619502	0.947000368053
0.445074959732	0.947000368053
0.445297980424	0.947000368053
0.445322760501	0.947000368053
0.445347540577	0.947000368053
0.445397100731	0.947000368053
0.445496221038	0.947000368053
0.445521001115	0.947000368053
0.445545781192	0.947000368053
0.445570561269	0.947000368053
0.445843142114	0.947000368053
0.446834345186	0.947000368053
0.446933465494	0.947000368053
0.447329946723	0.947368421053
0.4473547268	0.947368421053
0.449361913022	0.94994479205
0.449684054021	0.951785057048
0.449758394251	0.951785057048
0.449783174328	0.951785057048
0.449807954405	0.951785057048
0.449907074712	0.951785057048
0.452062941395	0.952889216047
0.452285962086	0.952889216047
0.452310742163	0.952889216047
0.452385082394	0.952889216047
0.454020567464	0.953257269047
0.454144467848	0.953257269047
0.454169247925	0.953257269047
0.454194028001	0.953257269047
0.456919836451	0.954361428046
0.458728782059	0.955465587045
0.45887746252	0.955465587045
0.460389047206	0.955465587045
0.460884648742	0.955465587045
0.460934208896	0.955465587045
0.46105810928	0.955465587045
0.461107669434	0.955465587045
0.461182009664	0.955833640044
0.461206789741	0.955833640044
0.46269359435	0.957305852043
0.463288316194	0.957673905042
0.463387436501	0.957673905042
0.463660017346	0.957673905042
0.463684797423	0.957673905042
0.4637095775	0.957673905042
0.463734357577	0.957673905042
0.463883038037	0.957673905042
0.463932598191	0.957673905042
0.464031718498	0.957673905042
0.464081278652	0.957673905042
0.464155618882	0.957673905042
0.464180398959	0.957673905042
0.464725560649	0.958041958042
0.464750340726	0.958041958042
0.464849461033	0.958041958042
0.464998141494	0.958041958042
0.465022921571	0.958041958042
0.465493743031	0.958041958042
0.465518523107	0.958041958042
0.465543303184	0.958041958042
0.46596456449	0.958410011042
0.466534506257	0.958410011042
0.466559286334	0.958410011042
0.467154008177	0.959146117041
0.469408995168	0.95951417004
0.469582455706	0.95951417004
0.46970635609	0.95951417004
0.469731136167	0.95951417004
0.469755916243	0.95951417004
0.46978069632	0.95951417004
0.469830256474	0.95951417004
0.469954156858	0.95951417004
0.470276297857	0.960618329039
0.470524098625	0.960618329039
0.470573658778	0.960618329039
0.470920579854	0.960618329039
0.472159583695	0.962458594038
0.472333044232	0.962458594038
0.472382604386	0.962458594038
0.472407384463	0.962458594038
0.472679965308	0.962458594038
0.472704745385	0.962458594038
0.472729525462	0.962458594038
0.472828645769	0.962458594038
0.472853425846	0.962458594038
0.473299467228	0.962458594038
0.473497707843	0.962458594038
0.473547267997	0.962458594038
0.47359682815	0.962458594038
0.473621608227	0.962458594038
0.473720728534	0.962458594038
0.473770288688	0.962458594038
0.473795068765	0.962458594038
0.474216330071	0.962826647037
0.474241110147	0.962826647037
0.474340230455	0.962826647037
0.474365010532	0.962826647037
0.477214719366	0.963562753036
0.477289059596	0.963562753036
0.477313839673	0.963562753036
0.47733861975	0.963562753036
0.477561640441	0.964298859036
0.477586420518	0.964298859036
0.477982901747	0.964298859036
0.478007681824	0.964298859036
0.478057241977	0.964298859036
0.478131582208	0.964298859036
0.478230702515	0.964298859036
0.478305042746	0.964298859036
0.478329822822	0.964298859036
0.478354602899	0.964298859036
0.478404163053	0.964298859036
0.478825424359	0.965034965035
0.478924544666	0.965034965035
0.479915747739	0.966139124034
0.479965307892	0.966139124034
0.480039648123	0.966139124034
0.480089208277	0.966507177033
0.480113988353	0.966507177033
0.480733490274	0.966507177033
0.480758270351	0.966507177033
0.480956510965	0.966507177033
0.480956510965	0.966875230033
0.480981291042	0.966875230033
0.481006071119	0.966875230033
0.482988477264	0.967243283033
0.483013257341	0.967243283033
0.483161937802	0.967243283033
0.483261058109	0.967243283033
0.483310618263	0.967611336032
0.48333539834	0.967611336032
0.483583199108	0.967611336032
0.483731879569	0.967611336032
0.484029240491	0.967611336032
0.484054020567	0.967611336032
0.484054020567	0.967979389032
0.485193904101	0.969083548031
0.485218684178	0.969083548031
0.485243464255	0.969083548031
0.485293024408	0.969083548031
0.48660636848	0.969083548031
0.48668070871	0.969083548031
0.486779829017	0.969083548031
0.489356957007	0.97018770703
0.489728658159	0.97018770703
0.490273819849	0.970923813029
0.490298599926	0.970923813029
0.49049684054	0.970923813029
0.490546400694	0.970923813029
0.490571180771	0.970923813029
0.490595960847	0.970923813029
0.491165902614	0.970923813029
0.491289802998	0.970923813029
0.491314583075	0.970923813029
0.491438483459	0.970923813029
0.491537603767	0.970923813029
0.491562383843	0.970923813029
0.49158716392	0.970923813029
0.491661504151	0.970923813029
0.492281006071	0.971291866029
0.492305786148	0.971291866029
0.494114731756	0.973500184026
0.494932474291	0.973500184026
0.495105934828	0.973500184026
0.495155494982	0.973500184026
0.495180275059	0.973500184026
0.495279395366	0.973500184026
0.495304175443	0.973500184026
0.496344938669	0.974236290026
0.496815760129	0.974236290026
0.497113121051	0.974236290026
0.497187461281	0.974236290026
0.497261801512	0.974236290026
0.497286581588	0.974236290026
0.497311361665	0.974236290026
0.497336141742	0.974236290026
0.497360921819	0.974236290026
0.497385701896	0.974236290026
0.497410481972	0.974236290026
0.497559162433	0.974236290026
0.498376904968	0.974236290026
0.498426465122	0.974236290026
0.498451245199	0.974236290026
0.498476025276	0.974236290026
0.498500805352	0.974236290026
0.498550365506	0.974236290026
0.498575145583	0.974236290026
0.49859992566	0.974236290026
0.499268987734	0.975340449025
0.501375294263	0.975340449025
0.501523974724	0.975340449025
0.501548754801	0.975340449025
0.501697435262	0.975340449025
0.501821335646	0.975340449025
0.501920455953	0.975340449025
0.502019576261	0.975708502024
0.502465617643	0.976444608024
0.502539957874	0.976444608024
0.502614298104	0.976444608024
0.502688638335	0.976444608024
0.502713418412	0.976444608024
0.502738198488	0.976444608024
0.502812538719	0.976444608024
0.502911659026	0.976444608024
0.502936439103	0.976444608024
0.50296121918	0.976444608024
0.503010779333	0.976444608024
0.503357700409	0.977180714023
0.503555941023	0.977180714023
0.503754181638	0.977180714023
0.505389666708	0.977180714023
0.505414446785	0.977180714023
0.505439226862	0.977180714023
0.508264155619	0.978652926021
0.508338495849	0.978652926021
0.508363275926	0.978652926021
0.508462396233	0.978652926021
0.508660636848	0.978652926021
0.508834097386	0.978652926021
0.508858877463	0.978652926021
0.509676619998	0.98049319102
0.509701400074	0.98049319102
0.509750960228	0.98049319102
0.509850080535	0.98049319102
0.510073101227	0.98049319102
0.510221781688	0.98049319102
0.510246561764	0.98049319102
0.510370462148	0.98049319102
0.510370462148	0.980861244019
0.510395242225	0.980861244019
0.51066782307	0.980861244019
0.511584685913	0.980861244019
0.511634246066	0.980861244019
0.51168380622	0.980861244019
0.511733366373	0.980861244019
0.512377648371	0.980861244019
0.512650229216	0.980861244019
0.512699789369	0.980861244019
0.5127741296	0.980861244019
0.525288068393	0.981597350018
0.52531284847	0.981597350018
0.525684549622	0.981597350018
0.525758889853	0.981597350018
0.527344814769	0.981597350018
0.527394374923	0.981597350018
0.530268863833	0.983437615017
0.530343204064	0.983437615017
0.530566224755	0.983437615017
0.530640564986	0.983437615017
0.530665345063	0.983437615017
0.530789245447	0.983437615017
0.5308388056	0.983437615017
0.530888365754	0.983437615017
0.531086606368	0.983437615017
0.531160946599	0.983437615017
0.531235286829	0.983437615017
0.531334407137	0.983437615017
0.532077809441	0.983437615017
0.532127369595	0.983437615017
0.532276050056	0.983437615017
0.532449510593	0.983437615017
0.532449510593	0.983805668016
0.533713294511	0.984909827015
0.533762854665	0.984909827015
0.533787634742	0.984909827015
0.547020195763	0.986382039014
0.562482963697	0.988590357011
0.562507743774	0.988590357011
0.562805104696	0.988590357011
0.562854664849	0.988590357011
0.562953785157	0.988590357011
0.562978565234	0.988590357011
0.563077685541	0.988590357011
0.563275926155	0.988590357011
0.563424606616	0.988590357011
0.563449386693	0.988590357011
0.563697187461	0.988590357011
0.563944988229	0.988590357011
0.564465369843	0.989326463011
0.564490149919	0.989326463011
0.565407012762	0.989326463011
0.565828274068	0.989326463011
0.565927394375	0.989326463011
0.565952174452	0.989326463011
0.566720356833	0.98969451601
0.56674513691	0.98969451601
0.566769916987	0.98969451601
0.568578862594	0.991902834008
0.568826663363	0.991902834008
0.568975343824	0.991902834008
0.569322264899	0.991902834008
0.569570065667	0.991902834008
0.572865815884	0.991902834008
0.572915376038	0.991902834008
0.575071242721	0.991902834008
0.575294263412	0.991902834008
0.575319043489	0.991902834008
0.575765084872	0.991902834008
0.575814645025	0.991902834008
0.577152769174	0.991902834008
0.578912154628	0.993006993007
0.579159955396	0.993006993007
0.579184735473	0.993006993007
0.579407756164	0.993006993007
0.579779457316	0.993006993007
0.579977697931	0.993006993007
0.580002478008	0.993006993007
0.583000867303	0.993006993007
0.583273448148	0.993006993007
0.583323008301	0.993006993007
0.583595589146	0.993006993007
0.641085367365	0.993006993007
0.641134927518	0.993006993007
0.642497831743	0.993006993007
0.646561764341	0.993006993007
0.648544170487	0.993006993007
0.65124519886	0.993743099006
0.651269978937	0.993743099006
0.651369099244	0.993743099006
0.654664849461	0.994111152006
0.657341097757	0.994111152006
0.659075703135	0.994479205006
0.675529674142	0.994479205006
0.676545657292	0.994479205006
0.676644777599	0.994479205006
0.676743897906	0.994479205006
0.676768677983	0.994479205006
0.679667946971	0.994479205006
0.695527196134	0.998895841001
0.696344938669	0.998895841001
0.696617519514	0.998895841001
0.721794077562	0.998895841001
0.721818857638	0.998895841001
0.748184859373	0.998895841001
0.748556560525	0.998895841001
0.751654070128	0.998895841001
0.751728410358	0.998895841001
0.784636352373	0.998895841001
0.821979928138	0.998895841001
0.823813653822	0.998895841001
0.824309255359	0.998895841001
0.824383595589	0.998895841001
0.840738446289	0.998895841001
0.840862346673	0.998895841001
0.841085367365	0.998895841001
0.868492132326	0.998895841001
0.875182753067	0.998895841001
0.875281873374	0.998895841001
0.935026638583	1.0
0.97655804733	1.0
0.977004088713	1.0
0.986048816751	1.0
0.988229463511	1.0
0.99026142981	1.0
0.999553958617	1.0
1.0	1.0
