0.0	0.0
9.71192016802e-05	0.118417137757
0.00021851820378	0.229693543588
0.000315637405461	0.341416245165
0.000394546756826	0.452097590003
0.000594855110291	0.461618565903
0.000770883663336	0.4714370723
0.000910492515752	0.480660517703
0.00105010136817	0.4904790241
0.00154783727678	0.527372805713
0.00199701358455	0.568283249033
0.00244618989232	0.611276405832
0.00285287654935	0.6523356144
0.0037512291649	0.692204700982
0.00471635123159	0.735941684023
0.00585750185133	0.778191014579
0.00693795297003	0.819696518893
0.0143615019485	0.837697113954
0.0225134449395	0.856739065754
0.0305439889284	0.875185956561
0.040170929795	0.895864326093
0.0518859334976	0.89616185659
0.0636130771005	0.897054448081
0.178407973486	0.918476643856
0.291266555789	0.936030943172
0.299758415986	0.936774769414
0.413515350904	0.959387087176
0.429886006337	0.95998214817
0.544037488012	0.981850639691
0.55142461729	0.982296935436
0.559279132726	0.983635822672
0.56818374953	0.984974709908
0.576493511223	0.986908658137
0.599881028978	0.987801249628
0.623638813689	0.98854507587
0.643438990931	0.989735197858
0.670419919148	0.991817911336
0.754088111396	0.994049390062
0.835977808262	0.995685807795
0.916999502264	0.997470990777
1.0	1.0
