0.0	0.000521104742053
0.0	0.00104220948411
0.0	0.00208441896821
0.0	0.00260552371027
0.0	0.00312662845232
2.76403438459e-05	0.00416883793643
2.76403438459e-05	0.00468994267848
2.76403438459e-05	0.00937988535696
2.76403438459e-05	0.0119854090672
2.76403438459e-05	0.0130276185513
2.76403438459e-05	0.0135487232934
2.76403438459e-05	0.0161542470036
2.76403438459e-05	0.0166753517457
2.76403438459e-05	0.0182386659719
2.76403438459e-05	0.0187597707139
2.76403438459e-05	0.019280875456
2.76403438459e-05	0.0213652944242
2.76403438459e-05	0.0234497133924
2.76403438459e-05	0.0244919228765
2.76403438459e-05	0.0255341323606
2.76403438459e-05	0.0281396560709
2.76403438459e-05	0.0317873892652
2.76403438459e-05	0.0323084940073
2.76403438459e-05	0.0333507034914
2.76403438459e-05	0.0343929129755
2.76403438459e-05	0.0349140177176
2.76403438459e-05	0.0354351224596
5.52806876918e-05	0.0406461698801
5.52806876918e-05	0.0437727983325
5.52806876918e-05	0.0463783220427
8.29210315376e-05	0.0463783220427
8.29210315376e-05	0.0474205315268
0.000110561375384	0.0536737884315
0.000110561375384	0.0562793121417
0.000110561375384	0.0568004168838
0.000110561375384	0.0578426263679
0.000110561375384	0.0594059405941
0.000110561375384	0.0599270453361
0.000110561375384	0.0604481500782
0.000110561375384	0.0614903595623
0.000110561375384	0.0625325690464
0.000138201719229	0.0625325690464
0.000138201719229	0.0667014069828
0.000138201719229	0.0672225117249
0.000165842063075	0.0672225117249
0.000165842063075	0.0677436164669
0.000165842063075	0.068785825951
0.000165842063075	0.0755601875977
0.000165842063075	0.0760812923398
0.000165842063075	0.0771235018239
0.000165842063075	0.0792079207921
0.000165842063075	0.0828556539865
0.000165842063075	0.0844189682126
0.000193482406921	0.0844189682126
0.000193482406921	0.0849400729547
0.000221122750767	0.0849400729547
0.000248763094613	0.0891089108911
0.000248763094613	0.0896300156331
0.000248763094613	0.0911933298593
0.000248763094613	0.0917144346014
0.000248763094613	0.0932777488275
0.000276403438459	0.0932777488275
0.000276403438459	0.0937988535696
0.000276403438459	0.0953621677957
0.000276403438459	0.0958832725378
0.000276403438459	0.0964043772798
0.000276403438459	0.100052110474
0.000276403438459	0.100573215216
0.000276403438459	0.101094319958
0.000276403438459	0.1016154247
0.000276403438459	0.105263157895
0.000276403438459	0.105784262637
0.000276403438459	0.106305367379
0.000276403438459	0.106826472121
0.000276403438459	0.108910891089
0.000276403438459	0.112037519541
0.000276403438459	0.112558624283
0.000276403438459	0.115164147994
0.000304043782305	0.115164147994
0.000304043782305	0.115685252736
0.000304043782305	0.116206357478
0.000304043782305	0.11672746222
0.000304043782305	0.117248566962
0.000304043782305	0.117769671704
0.000304043782305	0.118290776446
0.000304043782305	0.118811881188
0.000304043782305	0.11933298593
0.000304043782305	0.119854090672
0.000304043782305	0.120375195414
0.000304043782305	0.122459614382
0.000304043782305	0.124022928609
0.000304043782305	0.124544033351
0.000304043782305	0.129755080771
0.000331684126151	0.129755080771
0.000359324469996	0.130276185513
0.000359324469996	0.132881709224
0.000386964813842	0.132881709224
0.000386964813842	0.133402813966
0.000386964813842	0.133923918708
0.000414605157688	0.133923918708
0.000414605157688	0.136529442418
0.000414605157688	0.138092756644
0.000442245501534	0.138613861386
0.000442245501534	0.139134966128
0.000442245501534	0.140698280354
0.000442245501534	0.144867118291
0.000442245501534	0.145909327775
0.000442245501534	0.153204794164
0.00046988584538	0.153204794164
0.00046988584538	0.154247003648
0.00046988584538	0.15476810839
0.00046988584538	0.157894736842
0.000691008596147	0.159458051068
0.000746289283839	0.159458051068
0.000773929627685	0.159458051068
0.000773929627685	0.161542470036
0.000773929627685	0.162063574779
0.000829210315376	0.162063574779
0.000829210315376	0.162584679521
0.0010226927223	0.162584679521
0.0010226927223	0.163105784263
0.00105033306614	0.163105784263
0.00110561375384	0.163105784263
0.00113325409768	0.163105784263
0.00113325409768	0.163626889005
0.00116089444153	0.163626889005
0.00121617512922	0.163626889005
0.00121617512922	0.164147993747
0.00121617512922	0.164669098489
0.00121617512922	0.166753517457
0.00121617512922	0.167274622199
0.00121617512922	0.167795726941
0.00121617512922	0.168837936425
0.00121617512922	0.170401250651
0.00121617512922	0.171443460135
0.00121617512922	0.173527879104
0.00121617512922	0.174048983846
0.00121617512922	0.17769671704
0.00121617512922	0.178217821782
0.00124381547306	0.178217821782
0.00135437684845	0.178217821782
0.00135437684845	0.179781136008
0.00140965753614	0.18030224075
0.00143729787999	0.18030224075
0.00146493822383	0.18030224075
0.00146493822383	0.180823345492
0.00146493822383	0.181344450234
0.00149257856768	0.181344450234
0.00149257856768	0.181865554977
0.00149257856768	0.182386659719
0.00152021891152	0.182386659719
0.00152021891152	0.182907764461
0.00154785925537	0.183428869203
0.00154785925537	0.183949973945
0.00154785925537	0.185513288171
0.00157549959922	0.185513288171
0.00160313994306	0.185513288171
0.00165842063075	0.185513288171
0.00171370131844	0.186034392913
0.00171370131844	0.188639916623
0.00174134166229	0.188639916623
0.00174134166229	0.190203230849
0.00174134166229	0.194893173528
0.00182426269383	0.194893173528
0.00182426269383	0.204273058885
0.00201774510075	0.204273058885
0.00201774510075	0.204794163627
0.00207302578844	0.205836373111
0.00207302578844	0.206357477853
0.00207302578844	0.206878582595
0.00207302578844	0.207920792079
0.00210066613229	0.207920792079
0.00212830647613	0.207920792079
0.00215594681998	0.207920792079
0.00215594681998	0.214174048984
0.00221122750767	0.214174048984
0.00221122750767	0.216779572694
0.00221122750767	0.217300677436
0.00223886785152	0.217300677436
0.00223886785152	0.21834288692
0.00226650819536	0.21834288692
0.00226650819536	0.219906201146
0.00229414853921	0.221469515373
0.00229414853921	0.222511724857
0.00232178888305	0.222511724857
0.00237706957075	0.224596143825
0.00240470991459	0.224596143825
0.00240470991459	0.225117248567
0.00240470991459	0.226680562793
0.00243235025844	0.226680562793
0.00243235025844	0.231370505472
0.00245999060228	0.233976029182
0.00251527128997	0.233976029182
0.00254291163382	0.236581552892
0.00257055197767	0.236581552892
0.00290223610382	0.241792600313
0.00290223610382	0.242834809797
0.00290223610382	0.243355914539
0.00290223610382	0.243877019281
0.00295751679151	0.244398124023
0.00295751679151	0.244919228765
0.00298515713535	0.244919228765
0.00298515713535	0.245440333507
0.00298515713535	0.248566961959
0.0040354902015	0.268890046899
0.0040354902015	0.269411151641
0.00406313054534	0.269411151641
0.00406313054534	0.269932256384
0.00489234086072	0.288692027097
0.00491998120457	0.288692027097
0.00497526189226	0.290255341324
0.00497526189226	0.290776446066
0.00585975289533	0.311620635748
0.00588739323917	0.311620635748
0.00588739323917	0.313705054716
0.00591503358302	0.314226159458
0.00594267392686	0.314226159458
0.00594267392686	0.3147472642
0.00605323530225	0.316310578426
0.00605323530225	0.321521625847
0.00610851598994	0.322563835331
0.00610851598994	0.327253778009
0.00616379667763	0.327253778009
0.00624671770917	0.329338196978
0.00630199839686	0.329338196978
0.00635727908455	0.33246482543
0.00635727908455	0.332985930172
0.00644020011609	0.333507034914
0.00649548080378	0.333507034914
0.0066889632107	0.33767587285
0.0066889632107	0.338196977592
0.00674424389839	0.338196977592
0.00674424389839	0.338718082335
0.00746289283839	0.361125586243
0.00754581386992	0.363210005211
0.00773929627685	0.365815528921
0.00782221730838	0.366857738405
0.00782221730838	0.367378843147
0.00782221730838	0.368942157374
0.00782221730838	0.372068785826
0.00782221730838	0.374153204794
0.00782221730838	0.37571651902
0.00782221730838	0.377800937989
0.00787749799608	0.378322042731
0.00787749799608	0.378843147473
0.00790513833992	0.378843147473
0.00790513833992	0.379364252215
0.00790513833992	0.379885356957
0.008070980403	0.383011985409
0.00809862074684	0.383011985409
0.00823682246607	0.383011985409
0.00856850659222	0.390307451798
0.00859614693607	0.394476289734
0.00865142762376	0.397081813445
0.00878962934299	0.401250651381
0.00878962934299	0.402292860865
0.00906603278145	0.406982803544
0.00906603278145	0.409067222512
0.00906603278145	0.409588327254
0.00909367312529	0.410109431996
0.00909367312529	0.412193850964
0.00912131346914	0.412193850964
0.00912131346914	0.41375716519
0.00912131346914	0.414278269932
0.00917659415683	0.414278269932
0.00917659415683	0.415841584158
0.00925951518837	0.415841584158
0.00931479587606	0.4163626889
0.00937007656375	0.416883793643
0.00937007656375	0.417404898385
0.0093977169076	0.417404898385
0.00942535725144	0.418447107869
0.00948063793914	0.419489317353
0.00950827828298	0.419489317353
0.00950827828298	0.422615945805
0.00956355897067	0.422615945805
0.00956355897067	0.425742574257
0.00956355897067	0.426263678999
0.00956355897067	0.429911412194
0.00956355897067	0.43408025013
0.00959119931452	0.436685773841
0.00959119931452	0.437206878583
0.00964648000221	0.438249088067
0.00967412034606	0.438249088067
0.00967412034606	0.438770192809
0.00972940103375	0.438770192809
0.00975704137759	0.440333507035
0.0100610851599	0.440333507035
0.0100610851599	0.440854611777
0.0100887255037	0.440854611777
0.0100887255037	0.441375716519
0.0100887255037	0.441896821261
0.0101163658476	0.442939030745
0.0101440061914	0.443981240229
0.0102545675668	0.445544554455
0.010586251693	0.448671182908
0.010586251693	0.44919228765
0.0106138920368	0.450755601876
0.0106138920368	0.45179781136
0.0106415323807	0.45179781136
0.0110008568507	0.45179781136
0.0110008568507	0.452318916102
0.0110008568507	0.45440333507
0.0110008568507	0.454924439812
0.0110008568507	0.455445544554
0.0110008568507	0.456487754039
0.0110561375384	0.456487754039
0.0110561375384	0.457008858781
0.0110561375384	0.459093277749
0.0113601813207	0.459093277749
0.0113601813207	0.459614382491
0.0113601813207	0.461698801459
0.0114983830399	0.463262115685
0.0115536637276	0.463262115685
0.0115813040714	0.464304325169
0.0116089444153	0.464304325169
0.0116089444153	0.464825429911
0.0117195057907	0.464825429911
0.0118853478537	0.464825429911
0.0119129881976	0.468473163106
0.0119129881976	0.46951537259
0.0119406285414	0.471078686816
0.0119406285414	0.471599791558
0.0119959092291	0.471599791558
0.0121617512922	0.471599791558
0.012189391636	0.4721208963
0.0122999530114	0.475768629495
0.0122999530114	0.476289734237
0.0123275933553	0.476289734237
0.0123275933553	0.480458572173
0.012382874043	0.480458572173
0.012382874043	0.485669619594
0.0124105143868	0.490359562272
0.0125210757622	0.490359562272
0.012548716106	0.490359562272
0.012548716106	0.495570609693
0.0126039967937	0.495570609693
0.0126316371376	0.495570609693
0.0126316371376	0.496091714435
0.0126869178253	0.496091714435
0.0127421985129	0.496091714435
0.012908040576	0.499739447629
0.012908040576	0.500260552371
0.0130186019514	0.500260552371
0.0130186019514	0.501823866597
0.0130186019514	0.502344971339
0.0130738826391	0.502866076081
0.015782636336	0.505992704534
0.0158379170237	0.505992704534
0.0160313994306	0.505992704534
0.0160313994306	0.508077123502
0.0160313994306	0.508598228244
0.0160866801183	0.508598228244
0.016141960806	0.508598228244
0.0185743110644	0.509640437728
0.0185743110644	0.513288170922
0.0186295917521	0.514330380406
0.018657232096	0.514330380406
0.0188783548467	0.515893694633
0.0189612758783	0.515893694633
0.0189612758783	0.516935904117
0.0193482406921	0.517457008859
0.019375881036	0.524752475248
0.0194035213798	0.524752475248
0.0194864424113	0.526836894216
0.019541723099	0.529442417926
0.0195693634429	0.529442417926
0.0196246441306	0.531526836894
0.0196522844744	0.531526836894
0.0199286879129	0.531526836894
0.0200116089444	0.531526836894
0.0210066613229	0.53309015112
0.0210066613229	0.533611255862
0.0210619420106	0.533611255862
0.0210619420106	0.534132360604
0.0210895823544	0.534653465347
0.0210895823544	0.535695674831
0.0211172226983	0.535695674831
0.0211448630421	0.535695674831
0.0212830647613	0.536737884315
0.0214765471682	0.536737884315
0.0215041875121	0.536737884315
0.0215318278559	0.536737884315
0.0215871085436	0.536737884315
0.0215871085436	0.537258989057
0.0218082312944	0.537258989057
0.0218082312944	0.537780093799
0.0220846347329	0.537780093799
0.0222504767959	0.537780093799
0.0223886785152	0.537780093799
0.0224439592029	0.537780093799
0.0224715995467	0.537780093799
0.0224992398905	0.537780093799
0.0232455291744	0.539864512767
0.0233008098621	0.539864512767
0.0247657480859	0.541948931735
0.0249868708367	0.549765502866
0.0249868708367	0.550286607608
0.0249868708367	0.55080771235
0.0250145111805	0.55080771235
0.0250421515244	0.55080771235
0.0250421515244	0.551849921834
0.0250697918682	0.551849921834
0.0267005721551	0.559666492965
0.0267834931867	0.559666492965
0.0275574228143	0.560708702449
0.0276403438459	0.560708702449
0.0276403438459	0.561229807191
0.027806185909	0.561229807191
0.0278338262528	0.561229807191
0.0291329224136	0.577905158937
0.030127974792	0.578426263679
0.0301556151359	0.578426263679
0.0301556151359	0.578947368421
0.0303490975428	0.578947368421
0.0304043782305	0.578947368421
0.0305425799497	0.579989577905
0.0305978606374	0.579989577905
0.0307084220128	0.580510682647
0.0307637027005	0.580510682647
0.0308742640758	0.580510682647
0.0312888692335	0.580510682647
0.0313441499212	0.580510682647
0.0317587550789	0.581031787389
0.0318140357666	0.582073996873
0.0318416761105	0.582073996873
0.0334448160535	0.596664929651
0.0334724563974	0.60656591975
0.0335000967412	0.615424700365
0.0337488598358	0.616466909849
0.0337765001797	0.616466909849
0.0338594212112	0.616466909849
0.0340529036181	0.616988014591
0.0341358246497	0.616988014591
0.0342740263689	0.617509119333
0.034605710495	0.617509119333
0.0346333508389	0.617509119333
0.0346609911827	0.617509119333
0.0361812100943	0.618030224075
0.0362088504381	0.618030224075
0.0362088504381	0.618551328817
0.0380607534758	0.622720166754
0.0380883938196	0.622720166754
0.0381713148512	0.622720166754
0.0382542358827	0.622720166754
0.0384477182896	0.622720166754
0.0395533320435	0.623241271496
0.0395533320435	0.623762376238
0.0395809723873	0.623762376238
0.0395809723873	0.62428348098
0.0398573758258	0.62428348098
0.0399402968573	0.62428348098
0.0401061389204	0.625325690464
0.0403825423588	0.625325690464
0.0403825423588	0.625846795206
0.0403825423588	0.626367899948
0.0404101827027	0.626367899948
0.0412117526742	0.626367899948
0.0418198402388	0.626367899948
0.0418474805827	0.626367899948
0.0419304016142	0.626367899948
0.0419304016142	0.62688900469
0.0420686033334	0.627410109432
0.0422344453965	0.627931214174
0.0423450067719	0.627931214174
0.0424555681473	0.627931214174
0.0424832084911	0.627931214174
0.0428148926173	0.627931214174
0.0429530943365	0.627931214174
0.0430083750242	0.627931214174
0.0431742170873	0.6294945284
0.0431742170873	0.630015633142
0.043229497775	0.630015633142
0.0432571381188	0.630015633142
0.0434506205257	0.630015633142
0.0435059012134	0.630015633142
0.0436993836203	0.630015633142
0.0437823046519	0.630015633142
0.0440587080903	0.630536737884
0.0440587080903	0.632621156853
0.0442245501534	0.632621156853
0.0444180325603	0.633663366337
0.0462975759418	0.637311099531
0.0463252162857	0.637311099531
0.0463528566295	0.637311099531
0.0463804969734	0.637311099531
0.0464081373172	0.637311099531
0.0464357776611	0.637311099531
0.0464357776611	0.637832204273
0.0464357776611	0.638353309015
0.0464910583488	0.638353309015
0.0465186986926	0.638353309015
0.0478454351972	0.642001042209
0.0479007158849	0.642001042209
0.0479836369164	0.642001042209
0.0479836369164	0.642522146952
0.0480112772603	0.642522146952
0.048066557948	0.642522146952
0.0480941982918	0.642522146952
0.0481218386357	0.642522146952
0.0482047596672	0.642522146952
0.0494209347964	0.643564356436
0.0495867768595	0.643564356436
0.0514939605849	0.64460656592
0.0514939605849	0.645127670662
0.0515768816164	0.646169880146
0.0516045219603	0.646169880146
0.0533182232787	0.647733194372
0.0533458636225	0.647733194372
0.0533458636225	0.648254299114
0.0533735039664	0.648254299114
0.0534011443102	0.648254299114
0.0534564249979	0.648254299114
0.0536775477487	0.648254299114
0.0536775477487	0.648775403856
0.0538710301556	0.648775403856
0.0540092318748	0.648775403856
0.0540368722187	0.648775403856
0.0551148456287	0.648775403856
0.0551977666602	0.649296508598
0.0560546173194	0.650338718082
0.056137538351	0.650338718082
0.0562757400702	0.650338718082
0.0563586611017	0.650338718082
0.0563863014456	0.650338718082
0.0565521435087	0.650338718082
0.0567179855717	0.650338718082
0.0568009066033	0.650338718082
0.0579618010448	0.651380927566
0.0580170817325	0.651380927566
0.0582105641394	0.651380927566
0.0582105641394	0.651902032308
0.0583211255148	0.651902032308
0.0583487658586	0.651902032308
0.0583764062025	0.651902032308
0.0584316868902	0.651902032308
0.058459327234	0.651902032308
0.0585146079217	0.651902032308
0.0588462920479	0.652423137051
0.059177976174	0.652423137051
0.0595925813317	0.652423137051
0.0596478620194	0.652423137051
0.0597307830509	0.652423137051
0.0597860637386	0.652944241793
0.0598137040825	0.652944241793
0.0598689847702	0.652944241793
0.0599242654579	0.652944241793
0.0599519058017	0.652944241793
0.0601730285525	0.653986451277
0.0613615633378	0.656070870245
0.0614168440255	0.656070870245
0.0622184139971	0.656070870245
0.0622184139971	0.657113079729
0.0622460543409	0.657113079729
0.0622736946848	0.657113079729
0.062411896404	0.657113079729
0.0625224577794	0.657113079729
0.0627435805301	0.657113079729
0.0628265015617	0.657113079729
0.0628541419055	0.657113079729
0.0629923436248	0.657634184471
0.0630476243124	0.657634184471
0.0631858260317	0.657634184471
0.0634345891263	0.657634184471
0.0641255977224	0.657634184471
0.0641532380663	0.657634184471
0.0641808784101	0.658155289213
0.0648166063186	0.658155289213
0.0648718870063	0.658155289213
0.064927167694	0.658155289213
0.0649548080378	0.658155289213
0.0650377290693	0.658155289213
0.065093009757	0.658155289213
0.065452334227	0.658155289213
0.0658392990409	0.658155289213
0.0659222200724	0.658155289213
0.0660327814478	0.667014069828
0.0660604217916	0.667014069828
0.0663368252301	0.667014069828
0.0665579479809	0.667014069828
0.0667514303878	0.667014069828
0.0670278338263	0.667014069828
0.0670278338263	0.67014069828
0.0671383952016	0.67014069828
0.067248956577	0.67014069828
0.0679952458609	0.67014069828
0.0680505265486	0.67014069828
0.0681610879239	0.67014069828
0.0681887282678	0.67014069828
0.0682163686116	0.670661803022
0.0682440089555	0.670661803022
0.0687968158324	0.670661803022
0.0688244561762	0.670661803022
0.0689902982393	0.670661803022
0.0690732192708	0.670661803022
0.0693772630532	0.670661803022
0.0693772630532	0.671182907764
0.069404903397	0.671182907764
0.0694601840847	0.671182907764
0.0695154647724	0.671182907764
0.0695154647724	0.672225117249
0.0696260261478	0.672225117249
0.069764227867	0.672225117249
0.069764227867	0.673788431475
0.0697918682108	0.673788431475
0.0700959119931	0.673788431475
0.0700959119931	0.674309536217
0.0701511926808	0.674309536217
0.0701788330247	0.675872850443
0.0702893944001	0.677957269411
0.0703446750878	0.677957269411
0.0703723154316	0.677957269411
0.0703999557754	0.677957269411
0.0704275961193	0.677957269411
0.0704552364631	0.678478374153
0.070482876807	0.678478374153
0.0708145609331	0.678478374153
0.070842201277	0.678478374153
0.0708974819647	0.678478374153
0.0709804029962	0.678478374153
0.0714502888416	0.678478374153
0.0716437712485	0.678478374153
0.0720307360624	0.678478374153
0.0720583764062	0.678478374153
0.07208601675	0.678478374153
0.0721136570939	0.678478374153
0.0722242184693	0.678478374153
0.0722518588131	0.678478374153
0.0722518588131	0.678999478895
0.0724177008762	0.678999478895
0.0727493850023	0.683168316832
0.0727770253462	0.683168316832
0.0728323060339	0.683168316832
0.0728599463777	0.683168316832
0.0731916305039	0.683168316832
0.073357472567	0.683168316832
0.0736338760054	0.683168316832
0.0736615163493	0.683168316832
0.0737444373808	0.683168316832
0.0739102794439	0.683168316832
0.0740208408193	0.683689421574
0.07424196357	0.683689421574
0.0742696039139	0.683689421574
0.0743248846016	0.683689421574
0.0744630863208	0.683689421574
0.0745736476962	0.683689421574
0.0746842090716	0.683689421574
0.0747671301031	0.683689421574
0.0748224107908	0.683689421574
0.0748500511346	0.683689421574
0.0749882528539	0.683689421574
0.0750158931977	0.683689421574
0.0750435335416	0.683689421574
0.0751540949169	0.683689421574
0.0751817352608	0.683689421574
0.0753752176677	0.683689421574
0.0770612786423	0.683689421574
0.0770889189862	0.683689421574
0.07711655933	0.683689421574
0.0773653224246	0.683689421574
0.0791343044307	0.684210526316
0.0794659885569	0.6852527358
0.0796041902761	0.6852527358
0.07963183062	0.6852527358
0.0796594709638	0.6852527358
0.0797423919954	0.6852527358
0.0797700323392	0.685773840542
0.079797672683	0.685773840542
0.0798253130269	0.685773840542
0.0798529533707	0.685773840542
0.0799082340584	0.685773840542
0.0815113740015	0.695153725899
0.08178777744	0.695153725899
0.0818154177838	0.695153725899
0.0818430581276	0.695153725899
0.081953619503	0.695153725899
0.0819812598469	0.695153725899
0.0819812598469	0.695674830641
0.0820365405346	0.695674830641
0.0822576632853	0.695674830641
0.0822853036292	0.695674830641
0.082312943973	0.696195935383
0.0824235053484	0.696195935383
0.0825064263799	0.696195935383
0.0825340667238	0.696195935383
0.0825340667238	0.696717040125
0.0826999087869	0.696717040125
0.0842477680422	0.699843668577
0.0842754083861	0.699843668577
0.0846070925122	0.699843668577
0.0846070925122	0.700364773319
0.0846347328561	0.700364773319
0.0846900135438	0.700364773319
0.0847176538876	0.700364773319
0.0847176538876	0.700885878061
0.0848005749192	0.701928087546
0.084828215263	0.701928087546
0.0848558556068	0.701928087546
0.0848834959507	0.701928087546
0.0849940573261	0.701928087546
0.0850493380138	0.701928087546
0.0863207938307	0.704533611256
0.0870947234584	0.704533611256
0.0885596616822	0.716519020323
0.088587302026	0.718603439291
0.0903286436883	0.723814486712
0.0904668454076	0.723814486712
0.0908538102214	0.723814486712
0.0909090909091	0.724335591454
0.0910196522845	0.724335591454
0.0910749329722	0.724335591454
0.091102573316	0.724335591454
0.0934796428868	0.724856696196
0.0940600901075	0.724856696196
0.0941153707952	0.724856696196
0.0942812128583	0.724856696196
0.0943088532021	0.724856696196
0.0944470549214	0.724856696196
0.0946681776721	0.724856696196
0.0949998617983	0.726420010422
0.0951104231737	0.726420010422
0.0951657038614	0.726420010422
0.0951933442052	0.726420010422
0.0952762652367	0.726420010422
0.0953039055806	0.726420010422
0.0963265983029	0.732673267327
0.0963818789906	0.732673267327
0.0964648000221	0.732673267327
0.0967135631167	0.733194372069
0.0969070455236	0.733194372069
0.0969623262113	0.733194372069
0.097017606899	0.733194372069
0.0970452472429	0.733194372069
0.0971834489621	0.733194372069
0.097376931369	0.733194372069
0.0985378258106	0.733194372069
0.0985654661544	0.733194372069
0.0987589485613	0.733194372069
0.0990353519998	0.733715476811
0.0990629923436	0.733715476811
0.0991182730313	0.733715476811
0.0991459133752	0.733715476811
0.0992011940629	0.733715476811
0.0992288344067	0.733715476811
0.0993670361259	0.733715476811
0.0995052378452	0.734236581553
0.099532878189	0.734236581553
0.0995881588767	0.734236581553
0.099892202659	0.734236581553
0.0999198430028	0.734236581553
0.100002764034	0.734236581553
0.100168606097	0.734236581553
0.100251527129	0.734236581553
0.100251527129	0.736842105263
0.105420271428	0.74361646691
0.105447911772	0.74361646691
0.106360043119	0.74361646691
0.106470604494	0.744137571652
0.106608806214	0.744137571652
0.106995771027	0.74622199062
0.10765913928	0.74622199062
0.110589015727	0.746743095362
0.115536637276	0.754038561751
0.11556427762	0.754038561751
0.115647198651	0.754038561751
0.115647198651	0.754559666493
0.115647198651	0.755080771235
0.115674838995	0.755080771235
0.115730119683	0.755080771235
0.119848530916	0.759770713913
0.12095414467	0.759770713913
0.12095414467	0.76133402814
0.121037065701	0.762897342366
0.121092346389	0.762897342366
0.121119986733	0.762897342366
0.121147627076	0.762897342366
0.121202907764	0.762897342366
0.121230548108	0.762897342366
0.121230548108	0.763418447108
0.121479311203	0.763418447108
0.125072555903	0.763418447108
0.125404240029	0.763418447108
0.12548716106	0.763418447108
0.125597722436	0.763418447108
0.125680643467	0.763418447108
0.129992537107	0.763418447108
0.129992537107	0.76393955185
0.131070510517	0.76654507556
0.131125791205	0.76654507556
0.133917465933	0.76654507556
0.133917465933	0.767066180302
0.133972746621	0.767066180302
0.134276790403	0.767066180302
0.134414992123	0.767587285044
0.134442632466	0.767587285044
0.134553193842	0.767587285044
0.134636114873	0.768108389786
0.134691395561	0.768108389786
0.134719035905	0.768108389786
0.135686447939	0.76915059927
0.135741728627	0.76915059927
0.135769368971	0.76915059927
0.135990491722	0.76915059927
0.136018132066	0.76915059927
0.136045772409	0.76915059927
0.136101053097	0.76915059927
0.136183974129	0.76915059927
0.137013184444	0.76915059927
0.137234307195	0.769671704013
0.144089112469	0.770713913497
0.1441720335	0.770713913497
0.144227314188	0.770713913497
0.144282594875	0.770713913497
0.145028884159	0.771235018239
0.145056524503	0.771235018239
0.145084164847	0.771235018239
0.145111805191	0.771756122981
0.147461234418	0.772277227723
0.147461234418	0.773319437207
0.147488874762	0.773319437207
0.147516515105	0.773319437207
0.147516515105	0.773840541949
0.149783023301	0.774361646691
0.150169988115	0.775924960917
0.150252909146	0.775924960917
0.151192680837	0.775924960917
0.152298294591	0.775924960917
0.154371320379	0.776446065659
0.154398960723	0.776446065659
0.154426601067	0.776446065659
0.155089969319	0.776446065659
0.156333784792	0.776446065659
0.156941872357	0.776446065659
0.156969512701	0.776446065659
0.157024793388	0.776446065659
0.157052433732	0.776446065659
0.157245916139	0.776446065659
0.157356477515	0.776446065659
0.158821415738	0.777488275143
0.158849056082	0.777488275143
0.158876696426	0.777488275143
0.159070178833	0.777488275143
0.161281406341	0.779051589369
0.162912186628	0.779051589369
0.162967467315	0.779051589369
0.163050388347	0.779051589369
0.163078028691	0.779051589369
0.163299151441	0.780093798854
0.163326791785	0.780093798854
0.166643633047	0.783741532048
0.166975317173	0.783741532048
0.167002957517	0.783741532048
0.168384974709	0.783741532048
0.171370131844	0.789473684211
0.173774841759	0.789473684211
0.173857762791	0.789473684211
0.174161806573	0.789473684211
0.174438210011	0.789473684211
0.174465850355	0.789473684211
0.174493490699	0.789473684211
0.174493490699	0.789994788953
0.174521131043	0.789994788953
0.17507393792	0.792079207921
0.17507393792	0.794684731631
0.175101578264	0.794684731631
0.175405622046	0.794684731631
0.176096630642	0.796248045857
0.176096630642	0.796769150599
0.176262472705	0.796769150599
0.176290113049	0.796769150599
0.176373034081	0.796769150599
0.176400674424	0.796769150599
0.176483595456	0.796769150599
0.1765112358	0.796769150599
0.178114375743	0.796769150599
0.178252577462	0.796769150599
0.181984023881	0.803543512246
0.182868514884	0.803543512246
0.182896155228	0.803543512246
0.183310760386	0.803543512246
0.183366041074	0.803543512246
0.183725365544	0.803543512246
0.183753005887	0.803543512246
0.183863567263	0.803543512246
0.183974128638	0.803543512246
0.18463749689	0.803543512246
0.184665137234	0.803543512246
0.184941540673	0.803543512246
0.184969181017	0.803543512246
0.18499682136	0.804064616988
0.185107382736	0.804064616988
0.188866469499	0.811881188119
0.189336355344	0.811881188119
0.189363995688	0.812402292861
0.189612758783	0.812402292861
0.189612758783	0.812923397603
0.189723320158	0.812923397603
0.189750960502	0.812923397603
0.189750960502	0.813444502345
0.189944442909	0.814486711829
0.191658144227	0.82751433038
0.193206003483	0.842105263158
0.193454766577	0.842105263158
0.193648248984	0.842105263158
0.193786450703	0.842105263158
0.193841731391	0.842105263158
0.194283976893	0.843668577384
0.194311617237	0.843668577384
0.194311617237	0.844189682126
0.1944774593	0.844189682126
0.194615661019	0.844189682126
0.19469858205	0.844189682126
0.194726222394	0.844189682126
0.195500152022	0.844189682126
0.196357002681	0.844189682126
0.196384643025	0.844189682126
0.196467564056	0.844189682126
0.196716327151	0.844189682126
0.197075651621	0.848358520063
0.197130932309	0.848358520063
0.197158572653	0.848358520063
0.197379695403	0.848358520063
0.19829182675	0.849400729547
0.198540589845	0.849400729547
0.198568230189	0.849400729547
0.19914867741	0.849921834289
0.199452721192	0.849921834289
0.199480361536	0.849921834289
0.200033168413	0.854090672225
0.200060808756	0.854090672225
0.2000884491	0.854090672225
0.203626413113	0.854611776967
0.203654053456	0.854611776967
0.2036816938	0.855132881709
0.208048868128	0.855653986451
0.208408192598	0.855653986451
0.21230548108	0.855653986451
0.212333121424	0.855653986451
0.212388402112	0.855653986451
0.212443682799	0.855653986451
0.212692445894	0.855653986451
0.212996489676	0.855653986451
0.213107051052	0.855653986451
0.213134691396	0.855653986451
0.213162331739	0.855653986451
0.213217612427	0.855653986451
0.215373559247	0.855653986451
0.215401199591	0.855653986451
0.215428839935	0.855653986451
0.215511760966	0.855653986451
0.215567041654	0.856696195935
0.217391304348	0.856696195935
0.217584786755	0.856696195935
0.218220514663	0.856696195935
0.218331076039	0.856696195935
0.218690400509	0.858259510162
0.218856242572	0.858259510162
0.218883882916	0.858259510162
0.220238259764	0.862428348098
0.220625224578	0.862428348098
0.220680505265	0.862428348098
0.220791066641	0.863991662324
0.221233312142	0.865033871808
0.221924320739	0.867118290776
0.222090162802	0.867118290776
0.222504767959	0.867118290776
0.222642969679	0.867118290776
0.22272589071	0.867118290776
0.222753531054	0.867118290776
0.222808811742	0.867118290776
0.222974653805	0.867118290776
0.223140495868	0.867118290776
0.224439592029	0.867118290776
0.224550153404	0.867118290776
0.250200392493	0.886920270974
0.250228032837	0.886920270974
0.250255673181	0.886920270974
0.250421515244	0.886920270974
0.250476795931	0.887962480459
0.250532076619	0.887962480459
0.250587357307	0.887962480459
0.251499488654	0.887962480459
0.252079935874	0.891089108911
0.252162856906	0.891089108911
0.252383979657	0.891089108911
0.252688023439	0.891089108911
0.252743304127	0.891089108911
0.252881505846	0.891089108911
0.25290914619	0.891089108911
0.252936786534	0.891089108911
0.253019707565	0.891089108911
0.258796539429	0.894736842105
0.261836977252	0.8983845753
0.262002819315	0.8983845753
0.278144780121	0.904116727462
0.278255341496	0.904116727462
0.294950109179	0.909327774883
0.295475275712	0.909327774883
0.295641117776	0.909327774883
0.297410099782	0.909327774883
0.297631222532	0.909327774883
0.299593686945	0.909327774883
0.300063572791	0.909327774883
0.300091213135	0.909327774883
0.300146493822	0.909327774883
0.33433759916	0.934340802501
0.334392879847	0.934340802501
0.334475800879	0.934340802501
0.334973327068	0.934340802501
0.335000967412	0.934340802501
0.3350562481	0.934340802501
0.347660244893	0.934861907243
0.35000967412	0.935383011985
0.350064954808	0.935383011985
0.352828989193	0.935904116727
0.352856629536	0.935904116727
0.366345117333	0.937988535696
0.366455678709	0.937988535696
0.367782415213	0.937988535696
0.36797589762	0.937988535696
0.368031178308	0.937988535696
0.368058818652	0.937988535696
0.368114099339	0.937988535696
0.368169380027	0.937988535696
0.368418143122	0.937988535696
0.368639265872	0.937988535696
0.368943309655	0.937988535696
0.368970949999	0.937988535696
0.371983747478	0.937988535696
0.372343071948	0.937988535696
0.38594212112	0.937988535696
0.38630144559	0.937988535696
0.38630144559	0.938509640438
0.387572901407	0.93903074518
0.388512673098	0.93903074518
0.400011056138	0.943720687858
0.411758202272	0.945805106826
0.412145167086	0.945805106826
0.412697973963	0.945805106826
0.416567622101	0.949452840021
0.44042123884	0.957790515894
0.458332181652	0.967170401251
0.45838746234	0.967170401251
0.458415102684	0.967170401251
0.458525664059	0.967170401251
0.458553304403	0.967170401251
0.460211725034	0.967170401251
0.462284750822	0.967170401251
0.462395312198	0.967170401251
0.466237319992	0.967691505993
0.471627187042	0.967691505993
0.474142458332	0.967691505993
0.474170098676	0.967691505993
0.477569860969	0.967691505993
0.477929185439	0.967691505993
0.478039746814	0.967691505993
0.478233229221	0.967691505993
0.478703115067	0.967691505993
0.481992315984	0.968212610735
0.482019956328	0.968212610735
0.484341745211	0.968212610735
0.484397025899	0.968212610735
0.484839271401	0.968212610735
0.484866911744	0.968212610735
0.48928936676	0.968212610735
0.489317007104	0.968733715477
0.490256778794	0.968733715477
0.490422620857	0.968733715477
0.490533182233	0.968733715477
0.490643743608	0.968733715477
0.491334752204	0.968733715477
0.494292268996	0.968733715477
0.49431990934	0.968733715477
0.505182564471	0.972381448671
0.505237845159	0.972381448671
0.511760966306	0.972902553413
0.518118245391	0.972902553413
0.518145885735	0.972902553413
0.518339368142	0.972902553413
0.518422289173	0.972902553413
0.51969374499	0.972902553413
0.519859587053	0.972902553413
0.519887227397	0.972902553413
0.519970148429	0.972902553413
0.52005306946	0.972902553413
0.531053926311	0.973423658155
0.537107161613	0.973944762897
0.537190082645	0.973944762897
0.539207827745	0.973944762897
0.540147599436	0.973944762897
0.54017523978	0.973944762897
0.550042842533	0.974465867639
0.562315155201	0.974465867639
0.591282235551	0.976029181866
0.619281903867	0.978113600834
0.652422676138	0.981240229286
0.674203267089	0.983324648254
0.67608281047	0.983324648254
0.676414494596	0.983324648254
0.677575389038	0.983324648254
0.677603029382	0.983845752996
0.678183476602	0.983845752996
0.678211116946	0.983845752996
0.68937781586	0.983845752996
0.71345255535	0.986972381449
0.73501202355	0.990099009901
0.745791757649	0.991662324127
0.74888747616	0.991662324127
0.749080958567	0.991662324127
0.749661405788	0.991662324127
0.750711738854	0.991662324127
0.751927913983	0.991662324127
0.760579341607	0.993746743095
0.820089001907	0.996873371548
0.820199563283	0.996873371548
0.88048315321	0.996873371548
0.881865170403	0.996873371548
0.940158655574	0.997915581032
0.941402471047	0.997915581032
1.0	1.0
