0.0	0.00156331422616
0.0	0.00521104742053
0.0	0.0151120375195
5.52806876918e-05	0.0213652944242
0.000138201719229	0.0286607608129
0.000221122750767	0.0323084940073
0.000248763094613	0.0375195414278
0.000276403438459	0.0432516935904
0.000359324469996	0.0521104742053
0.000414605157688	0.0562793121417
0.000442245501534	0.0646169880146
0.000580447220763	0.0672225117249
0.000691008596147	0.0745179781136
0.000856850659222	0.0792079207921
0.00110561375384	0.0911933298593
0.0013267365046	0.100052110474
0.0016860609746	0.113079729026
0.00218358716382	0.125065138093
0.00268111335305	0.138092756644
0.0036761657315	0.152683689422
0.00555570911302	0.169359041167
0.00840266452915	0.188118811881
0.0121341109483	0.228764981761
0.0185190303767	0.27410109432
0.0262306863097	0.319958311621
0.0370104204096	0.38822303283
0.0502501451118	0.465867639396
0.0663921059178	0.537258989057
0.0841924873545	0.62428348098
0.105834876586	0.698280354351
0.131650957738	0.773319437207
0.169103623649	0.843668577384
0.221095110423	0.90620114643
0.327095829072	0.949452840021
1.0	1.0
